osmid,x,y,ref,highway
120347564,-77.106677,42.467243,,
120347581,-77.106636,42.466155,,
120523697,-77.1054437,42.4180144,,
120924089,-77.0617077,42.2759288,,
121095678,-77.1056325,42.4312475,,
121126366,-77.10604,42.438927,,
121332728,-77.1066762,42.46816,,
213212785,-76.7089698,42.4340612,,
213212806,-76.7210263,42.2955605,,
213212817,-76.7208435,42.3070139,,
213212848,-76.7197887,42.3058479,,
213212864,-76.8735614,42.3789887,,
213212873,-76.8742707,42.3803198,,
213212879,-76.8750239,42.3816782,,
213212880,-76.8756524,42.3829105,,
213212887,-76.7107437,42.4563417,,
213212893,-76.7123083,42.4565592,,
213212903,-76.7158694,42.4574091,,
213212913,-76.7213656,42.4577871,,
213212924,-76.8525937,42.3545191,,
213212934,-76.8492921,42.3509531,,
213212956,-76.8524463,42.3540047,,
213212986,-76.854733,42.360584,,
213212995,-76.9108578,42.4234614,,
213213010,-76.9058288,42.4260179,,
213213016,-76.9437195,42.4473341,,
213213028,-76.9495225,42.4531983,,
213213033,-76.956821,42.459277,,
213213043,-76.9726241,42.4612614,,
213213088,-76.9077689,42.4229263,,
213213101,-76.9189603,42.4241968,,
213213108,-76.9226687,42.4245258,,
213213113,-76.927212,42.425034,,
213213126,-76.931963,42.429057,,
213213137,-76.933047,42.430203,,
213213138,-76.933151,42.431085,,
213213141,-76.933589,42.4344171,,
213213163,-76.936134,42.436926,,
213213169,-76.9397684,42.4389985,,
213213254,-76.856826,42.390655,,
213213276,-77.0886226,42.4141704,,
213213284,-76.8711774,42.376307,,
213213287,-76.8692279,42.3768959,,
213213289,-76.8676369,42.3773763,,
213213291,-76.8660667,42.3778503,,
213213293,-76.86522,42.3781059,,
213213298,-76.8460485,42.3498646,,
213213308,-76.8466667,42.3510989,,
213213311,-76.8473843,42.3510668,,
213213314,-76.8479831,42.3509247,,
213213328,-76.8459001,42.395771,,
213213358,-76.8576923,42.3978617,,
213213372,-77.0964896,42.3817612,,
213213375,-77.096135,42.3825362,,
213213380,-77.096036,42.3826695,,
213213388,-77.0926578,42.3862272,,
213213402,-76.7363839,42.3819595,,
213213411,-76.733422,42.381888,,
213213430,-76.7204894,42.388672,,
213213437,-76.7183131,42.3892033,,
213213439,-76.7148279,42.389332,,
213213453,-76.6977208,42.3899647,,
213213459,-76.6947638,42.3892459,,
213213544,-76.8694383,42.3149508,,
213213555,-76.878854,42.31459,,
213213558,-76.880887,42.314568,,
213213575,-76.8650361,42.315755,,
213213628,-76.8450333,42.3303575,,
213213693,-76.7036187,42.5176319,,
213213697,-76.7027935,42.5178226,,
213213703,-76.8274248,42.497096,,
213213716,-76.831841,42.496949,,
213213788,-77.0034935,42.3875993,,
213213841,-76.7699603,42.5004593,,
213213860,-76.8861921,42.3996924,,
213213866,-76.885995,42.39906,,
213213919,-76.7802526,42.4731047,,
213213925,-76.779707,42.473742,,
213213943,-76.778379,42.474525,,
213213949,-76.751559,42.4136147,,
213213952,-76.752474,42.4138574,,
213213957,-76.778478,42.473116,,
213214028,-76.827309,42.53146,,
213214066,-76.8287645,42.5313814,,
213214107,-77.029839,42.42095,,
213214110,-77.032875,42.42109,,
213214119,-77.0978881,42.462465,,
213214122,-77.0987871,42.462565,,
213214146,-77.097895,42.4622936,,
213214152,-77.0986251,42.4623651,,
213214158,-77.0978992,42.4619219,,
213214226,-76.8590811,42.5130683,,
213214231,-76.859095,42.510968,,
213214238,-76.7372389,42.3824738,,
213214240,-76.7362818,42.3825371,,
213214246,-76.739495,42.373242,,
213214248,-76.7399102,42.373305,,
213214255,-76.8826835,42.3628956,,
213214258,-76.882491,42.3620767,,
213214261,-77.0269318,42.3857252,,
213214276,-77.0069652,42.3859552,,
213214357,-76.768288,42.350323,,
213214369,-76.768806,42.351479,,
213214460,-76.7051643,42.5074047,,
213214611,-77.0540224,42.4126236,,
213214614,-77.0529639,42.4141636,,
213214618,-76.74432,42.361311,,
213214623,-76.744356,42.360801,,
213214650,-77.052026,42.4120544,,
213214667,-77.049444,42.413833,,
213214959,-76.9889335,42.4593706,,
213214962,-76.9877225,42.4593446,,
213215035,-76.752628,42.472788,,
213215045,-76.752444,42.472984,,
213215052,-76.9887202,42.4579547,,
213215055,-76.9876512,42.4579267,,
213215104,-77.003341,42.457748,,
213215109,-77.001583,42.457758,,
213215165,-76.7257906,42.3153647,,
213215212,-76.762145,42.474634,,
213215224,-76.761648,42.474362,,
213215245,-76.773535,42.4667824,,
213215248,-76.773597,42.467856,,
213215287,-76.7654987,42.419878,,
213215294,-76.7678093,42.4197331,,
213215361,-77.0978803,42.463409,,
213215372,-77.0987243,42.4634891,,
213215374,-76.779314,42.333814,,
213215377,-76.7791172,42.3339533,,
213215380,-76.778932,42.334082,,
213215386,-77.029996,42.422454,,
213215401,-77.032197,42.422084,,
213215407,-77.097877,42.4632128,,
213215409,-77.098173,42.4632122,,
213215430,-77.0978881,42.4627284,,
213215435,-77.0987705,42.4627479,,
213215492,-76.833965,42.529718,,
213215499,-77.0472202,42.3904113,,
213215504,-77.0451908,42.3916633,,
213215530,-77.025208,42.392609,,
213215547,-76.8647518,42.5214968,,
213215568,-76.8628431,42.5242466,,
213215578,-77.025417,42.392553,,
213215627,-76.865539,42.454345,,
213215630,-76.8641422,42.4541146,,
213215664,-76.9027256,42.4188152,,
213215771,-77.0995426,42.4520616,,
213215776,-77.0988549,42.4522603,,
213215785,-77.0983716,42.4521261,,
213215826,-77.098128,42.4472377,,
213215833,-76.8668518,42.382533,,
213215849,-76.868876,42.384048,,
213215864,-76.7493709,42.359034,,
213215872,-76.7515719,42.359529,,
213215883,-77.030265,42.426805,,
213215916,-77.026249,42.425682,,
213215922,-77.025394,42.425194,,
213215948,-77.022557,42.423551,,
213215995,-76.9563472,42.3548056,,
213215999,-76.9574139,42.3550072,,
213216003,-77.0069188,42.3374404,,
213216026,-77.007675,42.339766,,
213216035,-76.9701095,42.3484154,,
213216044,-76.970394,42.348818,,
213216047,-76.860458,42.3704033,,
213216062,-76.8593692,42.3725131,,
213216194,-76.994387,42.466721,,
213216201,-76.992065,42.467697,,
213216206,-76.9291103,42.3168045,,
213216212,-76.928591,42.31675,,
213216226,-76.9885504,42.4613996,,
213216230,-76.9878404,42.4613596,,
213216256,-76.902447,42.4181138,,
213216295,-77.0757844,42.3960452,,
213216310,-77.0754898,42.3954892,,
213216358,-76.987813,42.4607155,,
213216361,-76.988841,42.4606625,,
213216377,-76.9034808,42.4175729,,
213216430,-76.923415,42.402042,,
213216437,-76.923211,42.400471,,
213216470,-76.7904015,42.3326821,,
213216554,-76.8917352,42.3888308,,
213216557,-76.891726,42.389129,,
213216566,-77.0979202,42.4644184,,
213216575,-77.0988498,42.4644154,,
213216660,-77.0979002,42.4640441,,
213216662,-77.0981487,42.4640452,,
213216674,-76.8329728,42.3365161,,
213216680,-76.8319268,42.3370682,,
213216713,-76.8331179,42.3370244,,
213216753,-77.0184321,42.3934097,,
213216756,-77.0182781,42.3940353,,
213216763,-77.0198418,42.3944725,,
213216775,-77.0194888,42.3934045,,
213216802,-77.027996,42.3947027,,
213216804,-77.027023,42.39473,,
213216822,-77.0565434,42.3895722,,
213216855,-76.8650833,42.4552395,,
213216867,-76.8641741,42.4550394,,
213216890,-76.8651593,42.3719079,,
213216892,-76.8648718,42.3719854,,
213216910,-76.952028,42.43871,,
213216921,-76.95134,42.43861,,
213217003,-76.929853,42.40179,,
213217006,-76.930077,42.40263,,
213217019,-77.009604,42.358101,,
213217037,-77.0085805,42.356839,,
213217044,-77.093587,42.435862,,
213217046,-77.0935324,42.4363513,,
213217051,-76.933763,42.4015976,,
213217061,-77.022042,42.361528,,
213217070,-77.0213932,42.3607427,,
213217086,-76.8594441,42.383133,,
213217101,-76.8591956,42.3838117,,
213217106,-76.8594243,42.3842069,,
213217117,-76.8580536,42.3845549,,
213217157,-76.977176,42.367798,,
213217165,-76.976689,42.367407,,
213217175,-76.755087,42.441711,,
213217180,-76.755142,42.441156,,
213217196,-76.9644996,42.3486097,,
213217199,-76.964319,42.349503,,
213217206,-76.883135,42.535687,,
213217218,-76.883027,42.535998,,
213217233,-76.7051925,42.5059673,,
213217238,-76.7054531,42.5073136,,
213217319,-76.87981,42.3849991,,
213217322,-76.8803245,42.3847918,,
213217329,-76.9398697,42.3200031,,
213217333,-76.939441,42.320088,,
213217351,-76.937706,42.319795,,
213217360,-76.939549,42.320543,,
213217384,-76.8977917,42.4071075,,
213217388,-76.929403,42.318926,,
213217389,-76.929221,42.318926,,
213217508,-76.8748101,42.2961875,,
213217535,-76.9541144,42.2940182,,
213217537,-76.9560465,42.2939817,,
213217539,-76.9560589,42.2940923,,
213217542,-76.9560289,42.2946767,,
213217544,-76.9560404,42.2947998,,
213217550,-76.9541289,42.2953801,,
213217591,-76.626729,42.263152,,
213217597,-76.627374,42.263385,,
213217605,-76.628048,42.263968,,
213217615,-76.628697,42.26576,,
213217666,-76.877048,42.469952,,
213217674,-76.8766592,42.4702521,,
213217678,-76.7144417,42.2926421,,
213217717,-76.7150014,42.2932571,,
213217840,-76.9176965,42.3106225,,
213217850,-76.8669268,42.382517,,
213217862,-76.868997,42.383673,,
213217911,-76.9657546,42.3485787,,
213217915,-76.965634,42.348537,,
213217941,-76.966406,42.3485472,,
213217944,-76.966382,42.348399,,
213217978,-76.9672063,42.3485089,,
213217979,-76.967082,42.348439,,
213217982,-77.0982615,42.4532459,,
213217985,-77.0985496,42.4532573,,
213218056,-77.0952894,42.4387145,,
213218065,-77.038753,42.35058,,
213218078,-77.0409402,42.3509182,,
213218094,-77.0400229,42.3426806,,
213218097,-77.0418859,42.3428444,,
213218223,-77.038234,42.336417,,
213218253,-77.0430486,42.3361107,,
213218260,-76.938632,42.394551,,
213218267,-76.938712,42.394888,,
213218271,-77.034529,42.4089408,,
213218273,-77.03436,42.408452,,
213218307,-76.758184,42.441815,,
213218313,-76.758147,42.441032,,
213218327,-76.7532898,42.4560075,,
213218332,-76.7532754,42.4569531,,
213218350,-76.8393467,42.3408002,,
213218367,-76.8405339,42.3431707,,
213218504,-77.0934965,42.4057524,,
213218642,-76.907693,42.4397122,,
213218651,-76.909301,42.440081,,
213218667,-76.746869,42.499515,,
213218672,-76.747354,42.500945,,
213218682,-76.898741,42.441862,,
213218725,-76.7759611,42.4669562,,
213218784,-76.7201146,42.3073647,,
213218818,-76.8877555,42.3967223,,
213218834,-76.7484233,42.3923115,,
213218843,-76.7473453,42.3920952,,
213219082,-77.0284859,42.363739,,
213219084,-77.0290221,42.3636493,,
213219091,-76.9388898,42.4372552,,
213219106,-77.0153494,42.3934572,,
213219107,-77.0154796,42.3925355,,
213219133,-77.0186991,42.393412,,
213219136,-77.0187843,42.3930511,,
213219202,-76.737985,42.371705,,
213219211,-77.098228,42.4539737,,
213219214,-77.0984643,42.4540436,,
213219223,-77.0982339,42.453759,,
213219226,-77.0984732,42.4537735,,
213219306,-77.018511,42.438081,,
213219313,-77.016567,42.438464,,
213219344,-77.055061,42.364572,,
213219368,-77.0557901,42.3630962,,
213219390,-77.057483,42.445615,,
213219411,-77.057041,42.444235,,
213219416,-77.052726,42.363587,,
213219428,-77.0524944,42.3624083,,
213219443,-76.8870052,42.4943166,,
213219509,-76.7672064,42.4484314,,
213219512,-76.7662894,42.4484964,,
213219522,-76.7671042,42.4463643,,
213219525,-76.7656555,42.4464152,,
213219559,-76.7108718,42.5168849,,
213219561,-76.7109597,42.5175263,,
213219594,-76.8882452,42.4065753,,
213219664,-76.951679,42.309427,,
213219690,-76.949579,42.312698,,
213219713,-76.8936631,42.4025976,,
213219738,-77.0029002,42.3874186,,
213219745,-76.743723,42.304254,,
213219757,-76.742605,42.306159,,
213219769,-76.898265,42.405765,,
213219785,-76.8566795,42.405183,,
213219787,-76.8570312,42.4053937,,
213219799,-76.8586154,42.4057643,,
213219882,-76.753478,42.4008568,,
213219887,-76.7526898,42.4009837,,
213219899,-76.78441,42.323452,,
213219909,-76.78515,42.322537,,
213219928,-76.8737832,42.3695279,,
213219957,-77.008422,42.292235,,
213219959,-77.008424,42.293145,,
213219966,-76.9954219,42.363395,,
213219972,-76.9954504,42.362659,,
213220047,-76.8430577,42.3394524,,
213220086,-77.0982676,42.4573911,,
213220113,-77.0982787,42.4564111,,
213220117,-77.099075,42.456061,,
213220180,-76.8959152,42.4093678,,
213220194,-76.8961194,42.4113576,,
213220206,-76.8966942,42.4126464,,
213220222,-76.8937279,42.4124937,,
213220276,-76.867679,42.296525,,
213220288,-76.867869,42.29419,,
213220293,-77.058186,42.409698,,
213220295,-77.057573,42.409717,,
213220316,-76.8867763,42.3941704,,
213220321,-76.888053,42.393919,,
213220412,-76.8827631,42.3943258,,
213220418,-76.882652,42.3949711,,
213220428,-77.0683571,42.4053673,,
213220446,-76.9768483,42.3377159,,
213220448,-76.979395,42.337555,,
213220483,-76.8813936,42.3921873,,
213220500,-76.8815542,42.393098,,
213220508,-76.70414,42.436097,,
213220809,-76.876902,42.514929,,
213220816,-76.8756526,42.5143902,,
213220830,-77.0492023,42.3013828,,
213220833,-77.05024,42.301363,,
213220843,-77.0037484,42.4072619,,
213220850,-77.002181,42.40668,,
213221042,-76.9934551,42.3770741,,
213221046,-76.99022,42.3771185,,
213221052,-76.987236,42.445215,,
213221072,-76.787924,42.3530665,,
213221112,-76.7861038,42.3896839,,
213221135,-76.78655,42.391526,,
213221143,-76.8876837,42.495704,,
213221144,-76.887466,42.495538,,
213221150,-76.887192,42.495365,,
213221167,-76.8867138,42.4964563,,
213221170,-76.8865694,42.4962948,,
213221187,-77.084483,42.279878,,
213221190,-77.085372,42.280861,,
213221193,-77.0828226,42.2806355,,
213221201,-77.084422,42.281713,,
213221204,-76.904283,42.415768,,
213221236,-76.9858326,42.4152255,,
213221259,-76.9013581,42.4148555,,
213221276,-76.7907035,42.4274121,,
213221279,-76.790399,42.428419,,
213221463,-76.787597,42.439709,,
213221468,-76.7876136,42.4400134,,
213221514,-77.0082807,42.4071885,,
213221517,-77.008323,42.406958,,
213221610,-76.8334187,42.3374058,,
213221645,-77.0840239,42.3912862,,
213221654,-77.081932,42.390961,,
213221666,-77.07998,42.39144,,
213221682,-77.0788937,42.3938971,,
213221689,-76.8919571,42.326892,,
213221698,-76.8950784,42.4128667,,
213221713,-76.900599,42.4126024,,
213221716,-76.9013456,42.4124972,,
213221725,-76.902696,42.411957,,
213221751,-76.9000516,42.4113909,,
213221815,-76.987441,42.419507,,
213221816,-76.7941234,42.4385259,,
213221817,-76.7945685,42.4388249,,
213221927,-76.732809,42.281324,,
213221930,-76.732748,42.281751,,
213221939,-77.00672,42.406763,,
213221948,-77.006171,42.405506,,
213221976,-76.8340887,42.3373072,,
213221979,-76.8340192,42.3365948,,
213221982,-76.8340201,42.3362174,,
213221988,-77.0525873,42.3049107,,
213221990,-77.0524254,42.3044942,,
213221995,-76.8333843,42.3366412,,
213222010,-77.0050712,42.4072045,,
213222018,-76.8509004,42.3547439,,
213222024,-76.8511369,42.3551209,,
213222060,-76.852149,42.3541451,,
213222064,-76.8516575,42.3543844,,
213222066,-76.8505051,42.3549461,,
213222084,-76.872694,42.493673,,
213222086,-76.8708609,42.4936848,,
213222098,-76.8511718,42.3539391,,
213222145,-76.8907959,42.4117003,,
213222200,-76.893109,42.4160762,,
213222221,-76.8916803,42.4194172,,
213222237,-77.0738158,42.4676228,,
213222344,-76.895946,42.421757,,
213222371,-76.7766465,42.4596116,,
213222378,-76.7758011,42.4602196,,
213222386,-77.0223306,42.4069064,,
213222389,-77.022221,42.408352,,
213222396,-76.7768168,42.4581042,,
213222398,-76.775684,42.4581432,,
213222404,-76.722884,42.54539,,
213222414,-77.026971,42.4077346,,
213222421,-77.02649,42.40954,,
213222437,-76.7781653,42.4307474,,
213222449,-76.724139,42.54511,,
213222505,-76.8361272,42.3484569,,
213222514,-76.8362645,42.3490247,,
213222555,-76.9567371,42.311589,,
213222564,-76.959719,42.310975,,
213222594,-76.9329436,42.3310116,,
213222605,-76.9339353,42.3357929,,
213222669,-76.8910641,42.4007064,,
213222713,-77.0707239,42.4046794,,
213222716,-77.0715078,42.404771,,
213222722,-76.972918,42.41548,,
213222723,-76.972823,42.414199,,
213222731,-77.0708091,42.4043082,,
213222736,-77.0712873,42.4043375,,
213222904,-76.947696,42.389992,,
213222906,-76.947749,42.390426,,
213223003,-76.838265,42.35581,,
213223021,-76.839992,42.357113,,
213223025,-76.84027,42.357319,,
213223037,-76.837679,42.356039,,
213223128,-76.8699629,42.4975382,,
213223133,-76.870231,42.497601,,
213223159,-77.045959,42.4801952,,
213223172,-77.076076,42.4753296,,
213223181,-77.0407,42.284702,,
213223219,-76.869683,42.302151,,
213223224,-76.870945,42.302278,,
213223232,-76.627082,42.258489,,
213223279,-76.632801,42.258565,,
213223391,-76.732667,42.531295,,
213223394,-76.7327057,42.5307834,,
213223400,-76.735339,42.472894,,
213223409,-76.7358217,42.4720582,,
213223445,-76.725296,42.545182,,
213223453,-76.725711,42.546026,,
213223499,-76.8677289,42.3522819,,
213223505,-76.868692,42.352728,,
213223573,-76.6667232,42.2543483,,
213223584,-76.665781,42.256626,,
213223659,-76.8602576,42.3846533,,
213223662,-76.8601802,42.3844959,,
213223814,-76.8851377,42.3984773,,
213223820,-76.8856233,42.3986793,,
213223842,-77.105288,42.440483,,
213224010,-76.9541258,42.2948262,,
213224028,-76.657234,42.274361,,
213224032,-76.655204,42.274141,,
213224063,-76.65551,42.277847,,
213224087,-76.7852008,42.3357142,,
213224090,-76.7852298,42.3361827,,
213224137,-76.8372681,42.452804,,
213224140,-76.8372892,42.4532498,,
213224227,-77.0833721,42.4005294,,
213224247,-77.0663511,42.275791,,
213224253,-77.0661873,42.2780861,,
213224285,-77.0585,42.289349,,
213224292,-77.057981,42.28757,,
213224454,-76.765785,42.465862,,
213224461,-76.7663155,42.466321,,
213224504,-76.776798,42.453405,,
213224516,-76.7753505,42.45342,,
213224606,-76.7131538,42.4862274,,
213224620,-76.7142317,42.4861693,,
213224640,-77.037146,42.48179,,
213224648,-77.033608,42.480599,,
213224681,-77.0354876,42.2859048,,
213224718,-77.104496,42.466175,,
213224739,-76.9584171,42.2913946,,
213224750,-76.958519,42.2894795,,
213224756,-77.03808,42.440116,,
213224758,-77.039117,42.440015,,
213224774,-77.036232,42.44303,,
213224777,-77.03794,42.443048,,
213224792,-77.0727185,42.4206335,,
213224855,-76.7036337,42.5171042,,
213224860,-76.7036726,42.5183253,,
213224863,-76.7028487,42.5183739,,
213224864,-76.9622448,42.3322675,,
213224865,-76.9634139,42.3321256,,
213224867,-76.7043227,42.5187228,,
213225027,-76.895752,42.437079,,
213225037,-76.89548,42.43726,,
213225060,-76.77753,42.341332,,
213225063,-76.777589,42.342297,,
213225070,-76.896316,42.4394,,
213225082,-76.896256,42.440282,,
213225123,-76.848119,42.449376,,
213225126,-76.848241,42.449395,,
213225134,-76.848902,42.449458,,
213225177,-77.078454,42.426873,,
213225205,-77.077043,42.427466,,
213225275,-77.054529,42.454053,,
213225277,-77.054232,42.453925,,
213225284,-77.054315,42.453541,,
213225286,-77.054804,42.45365,,
213225297,-76.7496143,42.4699787,,
213225302,-77.054566,42.452987,,
213225305,-77.055024,42.453064,,
213225337,-77.055736,42.451286,,
213225342,-77.055067,42.451003,,
213225468,-76.75581,42.346563,,
213225469,-76.757226,42.346734,,
213225481,-76.847083,42.341013,,
213225484,-76.847595,42.340769,,
213225683,-76.9541194,42.2946931,,
213225690,-76.9541161,42.2941301,,
213225694,-76.8521766,42.422461,,
213225722,-76.848167,42.4235099,,
213225725,-76.8477966,42.4235386,,
213225742,-76.8478564,42.4233231,,
213225797,-76.8942712,42.4278069,,
213225812,-76.893559,42.427674,,
213225828,-76.8942358,42.4276241,,
213225845,-76.893402,42.427349,,
213225860,-76.8942096,42.4275265,,
213225877,-76.847891,42.449921,,
213225887,-76.847949,42.449349,,
213225916,-76.849015,42.44942,,
213225921,-76.84922,42.449962,,
213225934,-76.849647,42.44918,,
213225937,-76.850158,42.448784,,
213225954,-76.6994233,42.4638897,,
213225972,-76.699029,42.465014,,
213225987,-76.698644,42.464656,,
213225992,-76.849948,42.449477,,
213226009,-76.6985388,42.4639139,,
213226034,-77.0387955,42.3134876,,
213226037,-77.037977,42.312906,,
213226112,-77.054288,42.454408,,
213226114,-77.053939,42.454171,,
213226175,-76.7061862,42.491589,,
213226179,-76.7062212,42.492326,,
213226185,-76.8747096,42.4665291,,
213226201,-76.876275,42.46623,,
213226228,-76.968698,42.440069,,
213226238,-76.967714,42.439105,,
213226561,-77.0699907,42.4088244,,
213226564,-77.0694382,42.408984,,
213226619,-77.069135,42.4047038,,
213226645,-76.7760678,42.463106,,
213226648,-76.7778097,42.463479,,
213226655,-77.0693813,42.4047059,,
213226657,-77.0693836,42.4048383,,
213226663,-76.8641543,42.3694039,,
213226678,-76.8656841,42.3704575,,
213226686,-76.81996,42.3461017,,
213226689,-76.8199253,42.3457446,,
213226698,-76.8642418,42.4562793,,
213226701,-76.864072,42.456367,,
213226775,-76.7084786,42.4555946,,
213226784,-76.70678,42.457977,,
213226821,-76.849643,42.4167198,,
213226823,-76.849466,42.4166558,,
213226837,-76.939431,42.43729,,
213226855,-76.939421,42.436705,,
213226860,-76.9111694,42.3636234,,
213226863,-76.910559,42.3638611,,
213226885,-76.693639,42.500166,,
213226887,-76.694699,42.500105,,
213226893,-76.7139867,42.4969646,,
213226896,-76.7137205,42.4970666,,
213226917,-76.712653,42.497646,,
213226930,-76.71337,42.497387,,
213226937,-76.949194,42.438307,,
213226945,-77.047671,42.420284,,
213226948,-77.048085,42.420644,,
213226975,-76.8570826,42.4060621,,
213227016,-76.8577469,42.4033194,,
213227019,-76.858943,42.404784,,
213227079,-76.845831,42.459275,,
213227083,-76.8450597,42.4595519,,
213227113,-77.0830843,42.3934395,,
213227162,-77.0710039,42.4033426,,
213227166,-77.0713252,42.4034126,,
213227171,-76.7793137,42.4480749,,
213227186,-76.781125,42.448462,,
213227191,-77.0711222,42.4029543,,
213227194,-76.7755471,42.456415,,
213227202,-76.777791,42.455998,,
213227225,-77.0702337,42.4090308,,
213227230,-77.0694752,42.4094003,,
213227281,-76.8600021,42.370573,,
213227291,-76.859971,42.3718079,,
213227335,-76.847395,42.341484,,
213227338,-76.848412,42.341178,,
213227409,-76.807394,42.4842693,,
213227423,-76.808768,42.484271,,
213227426,-77.0846538,42.2843601,,
213227451,-77.084469,42.286266,,
213227697,-77.044918,42.473523,,
213227707,-77.045136,42.474021,,
213227716,-76.936493,42.447819,,
213227718,-76.936563,42.448552,,
213227745,-76.954707,42.439249,,
213227792,-76.954153,42.438226,,
213227847,-77.047021,42.422037,,
213227858,-77.046595,42.421497,,
213227937,-76.974666,42.42772,,
213227939,-76.974665,42.427332,,
213227943,-76.70291,42.537842,,
213227957,-76.706363,42.537662,,
213227973,-77.082663,42.407192,,
213227983,-77.0829108,42.4058722,,
213227984,-76.8090324,42.4541542,,
213227986,-76.8155522,42.4538617,,
213227989,-76.8319516,42.4463946,,
213227991,-76.83057,42.446988,,
213227995,-76.8820891,42.393264,,
213228002,-76.8817722,42.392778,,
213228034,-76.8300326,42.4388772,,
213228037,-76.8294422,42.4388242,,
213228052,-76.8821887,42.390586,,
213228055,-76.8826976,42.3903459,,
213228059,-77.0708586,42.4038491,,
213228084,-76.8290972,42.437671,,
213228090,-76.831597,42.436381,,
213228219,-76.8596478,42.3706882,,
213228254,-76.8652449,42.4610572,,
213228258,-76.8656214,42.4610096,,
213228291,-77.059297,42.306375,,
213228296,-77.061524,42.305663,,
213228307,-76.96296,42.440277,,
213228321,-76.964962,42.441514,,
213228330,-76.892249,42.374237,,
213228376,-76.8922641,42.3743521,,
213228384,-76.95928,42.44038,,
213228389,-76.959331,42.442291,,
213228398,-76.956568,42.457374,,
213228407,-76.956108,42.457243,,
213228425,-76.772647,42.543324,,
213228432,-76.7576951,42.4702148,,
213228436,-76.7582023,42.4701346,,
213228450,-76.7577153,42.4702437,,
213228453,-76.75734,42.47039,,
213228504,-76.7577818,42.4703471,,
213228550,-77.037222,42.446107,,
213228552,-77.037473,42.446169,,
213228647,-76.980373,42.446285,,
213228649,-76.980357,42.445463,,
213228656,-76.980451,42.445153,,
213228663,-76.7642308,42.400087,,
213228666,-76.7669186,42.3996243,,
213228693,-76.7677133,42.4116388,,
213228741,-77.0974626,42.4444484,,
213228745,-77.0977226,42.4443034,,
213228800,-76.8385487,42.4765615,,
213228803,-76.839078,42.475534,,
213228812,-76.8296402,42.4681494,,
213228833,-76.829137,42.465426,,
213228836,-76.8305666,42.4655801,,
213228844,-76.8853433,42.3849554,,
213228858,-76.8873811,42.3853505,,
213228867,-76.8815765,42.3924817,,
213228870,-76.882053,42.392334,,
213228982,-76.65742,42.276681,,
213229035,-76.657114,42.272861,,
213229038,-76.636667,42.271916,,
213229091,-76.631115,42.281703,,
213229101,-77.0061903,42.3859969,,
213229107,-77.00697,42.3859907,,
213229115,-77.01863,42.481341,,
213229119,-77.019399,42.481686,,
213229121,-77.019442,42.482145,,
213229130,-77.020095,42.481474,,
213229297,-77.0782011,42.3314263,,
213229385,-76.8661727,42.3752278,,
213229405,-76.8651449,42.3755089,,
213229529,-77.056978,42.448357,,
213229532,-77.056511,42.448319,,
213229535,-77.055564,42.44839,,
213229540,-77.056342,42.447958,,
213229604,-76.8195579,42.389215,,
213229621,-76.8175448,42.389197,,
213229734,-76.8454845,42.4667161,,
213229736,-76.843814,42.466813,,
213229741,-76.991617,42.467694,,
213229744,-76.991621,42.467131,,
213229751,-77.0977006,42.4445304,,
213229861,-76.9533893,42.4168709,,
213229873,-76.9567387,42.350053,,
213229876,-76.955511,42.35009,,
213229909,-77.00337,42.454496,,
213229912,-77.002519,42.454474,,
213229950,-76.71506,42.388095,,
213229961,-77.085661,42.3829797,,
213230005,-76.6979297,42.4057576,,
213230030,-76.6997258,42.4050952,,
213230133,-76.9616776,42.3039901,,
213230336,-76.8747962,42.2949285,,
213230338,-76.876493,42.294984,,
213230346,-77.055318,42.450573,,
213230349,-77.055926,42.450847,,
213230352,-77.055443,42.45005,,
213230354,-77.056232,42.450139,,
213230362,-76.9279843,42.3032639,,
213230364,-76.9282609,42.3035081,,
213230368,-77.054838,42.449373,,
213230371,-77.056485,42.449554,,
213230400,-77.058731,42.434261,,
213230403,-77.057569,42.434117,,
213230510,-76.9931293,42.4844977,,
213230520,-76.996812,42.467736,,
213230535,-76.999813,42.467768,,
213230550,-76.999894,42.465484,,
213230639,-77.055209,42.452529,,
213230651,-77.055367,42.452142,,
213230660,-77.006499,42.460555,,
213230668,-77.00691,42.459145,,
213230707,-77.0069706,42.3904975,,
213230718,-77.005502,42.443637,,
213230720,-77.0049209,42.4432461,,
213230798,-76.737246,42.481691,,
213230804,-76.738115,42.482729,,
213230816,-76.975267,42.3576394,,
213230828,-76.9765195,42.3562772,,
213230848,-76.9818798,42.3662246,,
213230860,-76.8973973,42.3191456,,
213230862,-76.8966147,42.3194801,,
213230906,-76.9857845,42.3683146,,
213230925,-76.9835131,42.3653123,,
213231002,-77.082967,42.338003,,
213231007,-77.083925,42.338331,,
213231024,-76.798753,42.32407,,
213231034,-76.8022327,42.3240763,,
213231094,-76.931982,42.431437,,
213231133,-76.8969147,42.3261104,,
213231226,-76.9913901,42.4802019,,
213231250,-76.9894308,42.4785112,,
213231254,-76.9889498,42.4785582,,
213231305,-76.8771854,42.3691183,,
213231395,-77.003172,42.482506,,
213231403,-77.003568,42.482353,,
213231517,-76.843274,42.342933,,
213231520,-76.843983,42.34259,,
213231528,-76.8405317,42.3417098,,
213231620,-76.625715,42.260178,,
213231661,-76.945197,42.374215,,
213231664,-76.944797,42.373539,,
213231670,-77.014163,42.465443,,
213231695,-77.014163,42.465966,,
213231773,-76.8381948,42.5131631,,
213231776,-76.8380484,42.5109043,,
213231848,-76.9353816,42.3905507,,
213231869,-76.935011,42.389348,,
213231913,-76.943828,42.374886,,
213231927,-76.943256,42.37406,,
213232023,-76.8215102,42.3403322,,
213232028,-76.822307,42.3387599,,
213232034,-76.9060822,42.3634633,,
213232037,-76.906171,42.3641362,,
213232044,-77.076323,42.3715749,,
213232047,-77.0778697,42.3717459,,
213232069,-76.9549831,42.4372633,,
213232072,-76.9551379,42.4373029,,
213232080,-77.068164,42.379959,,
213232096,-77.069258,42.380178,,
213232102,-77.045804,42.363703,,
213232104,-77.045857,42.364493,,
213232110,-76.8893228,42.3288499,,
213232113,-76.889612,42.328485,,
213232236,-76.8595531,42.3832158,,
213232241,-76.860722,42.383023,,
213232254,-76.779392,42.380219,,
213232269,-76.780544,42.380334,,
213232314,-76.9892768,42.48395,,
213232316,-76.9897676,42.4839387,,
213232325,-76.894679,42.433883,,
213232333,-76.8448387,42.3324457,,
213232339,-76.8435849,42.3321538,,
213232359,-76.846845,42.3505335,,
213232364,-76.8211144,42.4935332,,
213232392,-76.8668309,42.4197495,,
213232395,-76.86807,42.418503,,
213232409,-77.003295,42.469331,,
213232412,-77.005003,42.46939,,
213232416,-76.8466429,42.4255188,,
213232419,-76.847155,42.42596,,
213232598,-76.826603,42.523967,,
213232600,-76.828414,42.523672,,
213232660,-76.839859,42.5135758,,
213232662,-76.8394855,42.5131308,,
213232667,-76.97836,42.415348,,
213232669,-76.978316,42.413859,,
213232722,-76.975822,42.414124,,
213232735,-76.976096,42.415403,,
213232745,-77.0978993,42.4617538,,
213232748,-77.0989602,42.4617976,,
213232758,-76.9661619,42.406538,,
213232761,-76.967843,42.406142,,
213232849,-76.8841761,42.3914217,,
213232851,-76.884343,42.391135,,
213232878,-76.8844995,42.3861811,,
213232884,-76.8849282,42.3865756,,
213232891,-76.739123,42.371384,,
213232895,-76.738982,42.371852,,
213232925,-77.037088,42.3622,,
213232944,-77.0357356,42.3601444,,
213232988,-76.8751056,42.3704733,,
213232993,-76.8744316,42.3697744,,
213233022,-76.8748644,42.3704791,,
213233040,-76.9768373,42.3370216,,
213233047,-76.9794242,42.3368164,,
213233056,-76.855156,42.531138,,
213233067,-76.855033,42.530051,,
213233085,-76.834004,42.52739,,
213233094,-76.7243163,42.3116929,,
213233105,-76.858504,42.379443,,
213233124,-76.858673,42.380895,,
213233142,-76.8593602,42.3829202,,
213233145,-76.859826,42.382696,,
213233233,-76.9227898,42.4244192,,
213233244,-76.8344555,42.3457511,,
213233250,-76.8316447,42.3454357,,turning_circle
213233269,-76.8358491,42.4733407,,
213233271,-76.8359059,42.475389,,
213233304,-76.8984675,42.4083927,,
213233321,-76.9135273,42.4088843,,
213233331,-76.7114129,42.4603882,,
213233347,-76.7125158,42.4789261,,
213233359,-76.7135075,42.4910819,,
213233384,-76.7144138,42.5020821,,
213233394,-77.0275548,42.3931972,,
213233399,-77.0094087,42.3935115,,
213233409,-76.896685,42.440977,,
213233458,-76.9079334,42.4427276,,
213233470,-76.89572,42.437948,,
213233518,-76.9077223,42.3162017,,
213233522,-76.907634,42.3164143,,
213233556,-76.8789457,42.3852354,,
213233559,-76.8780967,42.385484,,
213233562,-76.8772513,42.3857333,,
213233618,-77.0904826,42.339886,,
213233628,-77.0903032,42.3271248,,
213233639,-76.8647498,42.377211,,
213233641,-76.8657026,42.3790243,,
213233646,-76.8663747,42.3803034,,
213233657,-76.8667574,42.3810316,,
213233660,-76.8670885,42.3816618,,
213233663,-76.8674508,42.3823513,,
213233729,-76.8408335,42.382471,,
213233766,-76.8537197,42.3850058,,
213233780,-76.8548668,42.3876792,,
213233791,-76.9089987,42.4025434,,
213233829,-76.8968972,42.4054681,,
213233919,-77.1022017,42.3977082,,
213233932,-77.0295237,42.2815167,,
213233942,-77.0071413,42.2840813,,
213233962,-76.8705536,42.3751276,,
213233964,-76.8696451,42.3753803,,
213233968,-76.8685573,42.3756827,,
213233974,-77.1062786,42.4710595,,
213234000,-76.8278433,42.2991758,,
213234006,-76.827849,42.301203,,
213234022,-76.8251946,42.3167013,,
213234087,-76.8379033,42.3326005,,
213234098,-77.0982331,42.457651,,
213234106,-77.0981679,42.4583998,,
213234118,-76.9274406,42.3036906,,
213234120,-76.9282524,42.314499,,
213234124,-76.9282693,42.3149337,,
213234135,-77.0980535,42.3537315,,
213234160,-76.8436334,42.3471923,,
213234163,-76.8437392,42.3484615,,
213234200,-76.8855472,42.3992429,,
213234203,-76.8858299,42.3997038,,
213234236,-76.9072665,42.4345191,,
213234277,-76.8602854,42.3319224,,
213234299,-76.8585629,42.3381868,,
213234310,-76.8838757,42.3895919,,
213234314,-76.8846646,42.3894221,,
213234318,-76.8835187,42.3891356,,
213234321,-76.8827216,42.3894227,,
213234326,-77.067733,42.4006626,,
213234359,-76.9729524,42.4517688,,
213234376,-76.9341357,42.4540357,,
213234387,-76.9110295,42.4553345,,
213234437,-76.8335243,42.3434461,,
213234442,-76.83124,42.34342,,
213234467,-77.1045193,42.4712701,,
213234470,-77.106697,42.4724919,,
213234479,-76.9566746,42.3488856,,
213234493,-76.9564639,42.3543456,,
213234543,-76.9092371,42.3632884,,
213234557,-76.9823153,42.3628335,,
213234590,-76.9543247,42.3690873,,
213234593,-76.893816,42.335566,,
213234606,-76.8862873,42.3361743,,
213234738,-76.8805662,42.5269022,,
213234747,-76.745179,42.361402,,
213234768,-76.8758083,42.3814505,,
213234775,-76.876612,42.3828894,,
213234779,-76.8772147,42.3839827,,
213234788,-76.8723644,42.5212828,,
213234798,-76.8488326,42.5220434,,
213234814,-76.82835,42.5223339,,
213234823,-77.067861,42.2909616,,
213234825,-77.0675441,42.2907095,,
213234829,-77.0651145,42.2892532,,
213234843,-77.0492366,42.2897315,,
213234909,-76.8437904,42.3402679,,
213234915,-76.8416972,42.3415477,,
213234924,-77.0829305,42.3371225,,
213234953,-77.0660781,42.3418021,,
213234994,-76.949194,42.438297,,
213234998,-76.8736266,42.3776374,,
213235002,-76.8753691,42.3810441,,
213235007,-76.8454859,42.3487858,,
213235009,-76.8437739,42.3488364,,
213235013,-76.8425549,42.3489041,,
213235024,-76.841646,42.537383,,
213235032,-76.84177,42.542971,,
213235043,-76.7945725,42.3328088,,
213235046,-76.79456,42.333481,,
213235114,-76.9040331,42.3166325,,
213235123,-76.90489,42.3170264,,
213235144,-76.9162567,42.3158388,,
213235161,-76.9171868,42.3060563,,
213235183,-76.957557,42.456591,,
213235185,-76.646141,42.263108,,
213235203,-76.654143,42.260972,,
213235217,-76.9074662,42.4371188,,
213235227,-76.8022867,42.340781,,
213235277,-76.8337912,42.3493817,,
213235290,-76.7928501,42.3368833,,
213235295,-76.7943313,42.3377165,,
213235327,-76.8363841,42.3496158,,
213235335,-76.7875085,42.3349154,,
213235341,-76.7867014,42.3362392,,
213235364,-77.0460247,42.4666592,,
213235406,-77.0307489,42.463709,,
213235423,-76.7093608,42.2511316,,
213235430,-76.7412731,42.4127897,,
213235435,-76.743667,42.4125857,,
213235457,-76.7523324,42.4143004,,
213235464,-76.7554158,42.4177492,,
213235467,-76.756486,42.4264949,,
213235524,-76.7240024,42.4135187,,
213235530,-76.7244936,42.4210293,,
213235548,-76.7215479,42.442072,,
213235550,-76.7226778,42.442608,,
213235610,-76.8504491,42.4201562,,
213235615,-76.8488161,42.420237,,stop
213235622,-77.0137134,42.4069834,,
213235624,-77.013726,42.40759,,
213235671,-76.79811,42.3431058,,
213235725,-76.8111135,42.3635454,,
213235755,-77.0981568,42.4778254,,
213235765,-77.103754,42.482255,,
213235769,-77.1059854,42.4834584,,
213235796,-76.8442487,42.3944433,,
213235807,-76.8441431,42.3955828,,
213235813,-76.8403407,42.4019166,,
213235838,-76.8344714,42.4087951,,
213235849,-76.8333147,42.4146415,,
213235861,-76.832104,42.4228672,,
213235870,-76.7505,42.332655,,
213235877,-76.758143,42.332773,,
213235891,-76.973743,42.445701,,
213235976,-77.0948965,42.3388311,,
213235983,-77.0947213,42.3423298,,
213236010,-77.0995295,42.3621841,,
213236014,-77.1010629,42.3662227,,
213236018,-77.10147,42.3673425,,
213236050,-77.105717,42.439893,,
213236060,-77.06611,42.439303,,
213236066,-77.057898,42.43944,,
213236130,-77.0905139,42.4003355,,
213236136,-77.091231,42.4005769,,
213236144,-76.8664324,42.3751652,,
213236153,-76.8670425,42.3763603,,
213236168,-76.9138615,42.4604068,,
213236199,-76.902994,42.461436,,
213236224,-76.8824792,42.3825603,,
213236230,-76.8810772,42.3825891,,
213236233,-76.8799938,42.3826312,,
213236236,-76.8785528,42.3826558,,
213236239,-76.8776377,42.3827179,,
213236241,-76.8775252,42.3827488,,
213236243,-76.8748274,42.383128,,
213236256,-76.888044,42.3813188,,
213236266,-76.8861117,42.3822418,,
213236278,-76.7208063,42.501865,,
213236290,-76.736618,42.545744,,
213236299,-76.7357877,42.5306865,,
213236305,-76.7347805,42.5162709,,
213236322,-76.8522542,42.3451835,,
213236328,-76.771301,42.340599,,
213236331,-76.766832,42.338677,,
213236338,-76.8425297,42.3485702,,
213236369,-77.0175601,42.3382177,,
213236407,-77.0062247,42.3625076,,
213236420,-77.0277939,42.3226541,,
213236431,-76.8825958,42.3865463,,
213236434,-76.8837901,42.3869718,,
213236475,-76.8095017,42.5284731,,
213236493,-76.810336,42.543814,,
213236503,-76.758128,42.4712524,,
213236523,-76.758983,42.474275,,
213236578,-76.8880873,42.4949112,,
213236594,-77.0575056,42.4032949,,
213236601,-77.0579092,42.4079975,,
213236609,-77.0575665,42.4085142,,
213236615,-76.740128,42.367763,,
213236637,-76.7471048,42.3648017,,
213236723,-76.724302,42.313362,,
213236730,-76.7183555,42.3131436,,
213236739,-76.717191,42.3137003,,
213236844,-76.9768193,42.341838,,
213236856,-76.8119566,42.4257242,,
213236867,-76.8123146,42.4263642,,
213236874,-77.0492039,42.3044952,,
213236876,-77.0499628,42.3044491,,
213236882,-77.0500001,42.3055194,,
213236917,-77.0706998,42.4801955,,
213236932,-77.1053755,42.4706249,,
213236946,-77.0981715,42.4717782,,
213236978,-76.7900744,42.3340368,,
213236984,-76.7900242,42.3342527,,
213237014,-76.7898651,42.3350178,,
213237016,-76.7896494,42.335827,,
213237021,-76.7894666,42.3366496,,
213237027,-76.7233981,42.3122887,,
213237041,-76.8478025,42.4168378,,
213237046,-76.8494817,42.4171842,,
213237081,-77.0958435,42.4420571,,
213237083,-77.0974278,42.4418753,,
213237096,-77.0976369,42.4432947,,
213237108,-77.0972454,42.4402435,,
213237141,-76.9375464,42.3140185,,
213237169,-76.947029,42.3303983,,
213237181,-76.9479777,42.3429027,,
213237185,-76.9482951,42.348882,,
213237194,-77.0842218,42.3968961,,
213237205,-77.0898855,42.3963168,,
213237242,-76.8765784,42.5125023,,
213237311,-76.8966501,42.3203669,,
213237328,-76.8941484,42.3258668,,
213237350,-76.701577,42.546648,,
213237422,-76.82945,42.543295,,
213237511,-76.779929,42.544624,,
213237525,-76.760558,42.545115,,
213237566,-76.886783,42.495543,,
213237577,-76.887499,42.495391,,
213237622,-77.05138,42.480419,,
213237642,-76.9533571,42.4161191,,
213237645,-76.7211369,42.3088533,,
213237689,-76.7907568,42.3368308,,
213237692,-76.7886429,42.3365314,,
213237695,-76.7883289,42.3364903,,
213237715,-76.8509668,42.4131816,,
213237718,-76.8502469,42.4150475,,
213237721,-76.8494169,42.4177909,,
213237763,-76.77748,42.300285,,
213237781,-76.77483,42.312769,,
213237790,-76.7096436,42.4426861,,
213237796,-76.9289691,42.3148925,,
213237803,-76.929148,42.3174513,,
213237806,-76.929454,42.319687,,
213237817,-76.9300874,42.3311326,,
213237906,-77.0629764,42.3897387,,
213237917,-76.8700053,42.3740895,,
213237923,-76.8691337,42.3743442,,
213237925,-76.8679744,42.3746896,,
213237929,-76.8647873,42.3756306,,
213237934,-76.8633676,42.3760166,,
213237942,-76.7833173,42.358789,,
213237996,-76.765445,42.4193747,,
213238006,-76.7658739,42.4261863,,
213238011,-76.7662033,42.430978,,
213238014,-76.7667622,42.4406756,,
213238056,-76.7839596,42.3587517,,
213238123,-76.716648,42.288161,,
213238141,-76.718341,42.2938908,,
213238151,-76.6952304,42.490943,,
213238153,-76.6938503,42.490999,,
213238244,-76.9103145,42.453982,,
213238305,-76.8088462,42.3880032,,
213238311,-76.9595214,42.2912742,,
213238315,-76.9544673,42.2914538,,
213238316,-76.9540779,42.2914488,,
213238322,-76.888417,42.407715,,
213238349,-76.7155354,42.5312735,,
213238369,-76.7175602,42.5398087,,
213238388,-76.720944,42.546142,,
213238439,-76.846993,42.349945,,
213238466,-76.8558287,42.3912889,,
213238474,-76.8780898,42.3870928,,
213238492,-76.8797676,42.3895812,,
213238518,-76.893259,42.424661,,
213238552,-76.8687338,42.3759998,,
213238561,-76.8697194,42.3778228,,
213238564,-76.8700736,42.378491,,
213238565,-76.8704271,42.3791579,,
213238568,-76.8707809,42.3798236,,
213238573,-76.8714907,42.3811638,,
213238578,-76.87185,42.3818414,,
213238580,-76.8722096,42.3825198,,
213238582,-76.8725562,42.3831735,,
213238587,-76.8728857,42.383795,,
213238598,-77.0428224,42.3593392,,
213238646,-77.0461539,42.3744443,,
213238659,-77.0464808,42.3829703,,
213238664,-77.0465418,42.3854134,,
213238709,-77.059077,42.3974719,,
213238724,-76.8760692,42.3836128,,
213238734,-76.8763956,42.384238,,
213238743,-76.8780068,42.3868151,,
213238770,-77.019831,42.439709,,
213238788,-77.01429,42.460607,,
213238796,-77.014254,42.467833,,
213238876,-76.8443994,42.4495713,,
213238882,-76.8445329,42.4528293,,
213238885,-76.8445372,42.4530431,,
213238903,-76.8452366,42.4631047,,
213238918,-76.8421953,42.4775064,,
213238938,-77.067755,42.3996386,,
213238947,-77.067946,42.3978851,,
213238989,-76.864702,42.458758,,
213239010,-76.873538,42.457526,,
213239020,-76.88999,42.384366,,
213239032,-76.890929,42.386528,,
213239037,-77.0569361,42.3071443,,
213239058,-77.063718,42.30731,,
213239064,-76.8720196,42.3779087,,
213239121,-76.7742062,42.4666037,,
213239127,-76.7748913,42.4667407,,
213239169,-77.0699255,42.3795625,,
213239205,-76.738941,42.300539,,
213239226,-76.738028,42.301574,,
213239235,-76.8332545,42.3361422,,
213239249,-76.8347757,42.337198,,
213239275,-77.0093768,42.4071149,,
213239300,-76.984043,42.3908,,
213239315,-76.7544506,42.3509616,,
213239326,-76.7530984,42.3560921,,
213239327,-76.7529489,42.3565845,,
213239333,-76.963069,42.400082,,
213239338,-76.961403,42.400357,,
213239346,-76.952456,42.400793,,
213239362,-76.9117774,42.4024371,,
213239370,-76.961311,42.399716,,
213239376,-76.9519943,42.2987434,,
213239387,-76.942882,42.30031,,
213239393,-76.9278256,42.3035933,,
213239395,-76.9223737,42.3048321,,
213239405,-76.9069783,42.3079011,,
213239413,-76.897567,42.3084501,,
213239421,-76.887146,42.308945,,
213239424,-76.87855,42.309193,,
213239437,-76.8474179,42.3507963,,
213239446,-76.863406,42.37733,,
213239457,-76.863857,42.377028,,
213239461,-77.0748717,42.4152942,,
213239512,-76.865439,42.296546,,
213239523,-76.870035,42.303291,,
213239536,-76.875259,42.303977,,
213239567,-76.8816613,42.3905415,,
213239576,-76.8840182,42.3912435,,
213239588,-76.8861206,42.394204,,
213239593,-76.8861343,42.3948807,,
213239602,-76.8891077,42.3286294,,
213239610,-76.8895657,42.3303463,,
213239630,-76.8637292,42.3366254,,
213239670,-76.889961,42.328307,,
213239680,-76.9639871,42.4002238,,
213239721,-76.9684088,42.4156638,,
213239733,-76.970491,42.427888,,
213239769,-76.973585,42.439892,,
213239814,-76.9734762,42.4581476,,
213239825,-76.8734576,42.3805652,,
213239828,-76.8698377,42.3816285,,
213239831,-76.8683361,42.3820855,,
213239860,-76.8364898,42.3716749,,
213239866,-76.835704,42.367866,,
213239887,-77.104074,42.4272923,,
213239898,-76.6982161,42.4051469,,
213239918,-76.8693053,42.3727563,,
213239921,-76.8672859,42.3733533,,
213239986,-76.8464765,42.3473924,,
213239994,-76.8471735,42.3471274,,
213240016,-76.8321605,42.3376879,,
213240037,-76.8363052,42.3492448,,
213240044,-76.8748052,42.2928366,,
213240060,-76.8732168,42.2940059,,
213240110,-77.0724093,42.4194784,,
213240192,-76.7257416,42.3141507,,
213240194,-76.7245031,42.3141322,,
213240209,-77.060708,42.427573,,
213240226,-77.0525655,42.4308572,,
213240259,-77.03684,42.447236,,
213240264,-77.0361169,42.4514996,,
213240280,-77.029915,42.466009,,
213240303,-77.026886,42.472159,,
213240320,-77.0143284,42.4847018,,
213240331,-76.8699651,42.488762,,
213240333,-76.869093,42.488555,,
213240338,-76.8499917,42.3453464,,
213240349,-76.8506831,42.3461139,,
213240370,-76.8543463,42.3509276,,
213240378,-76.9338979,42.4366978,,
213240390,-76.934528,42.447926,,
213240457,-76.785374,42.300536,,
213240488,-76.8659442,42.4258053,,
213240500,-76.7318712,42.2978505,,
213240532,-76.7501598,42.3072283,,
213240536,-76.7596129,42.3111411,,
213240554,-76.78503,42.312749,,
213240564,-76.7888122,42.3134472,,
213240591,-76.8656268,42.377029,,
213240594,-76.8665588,42.3787682,,
213240603,-76.8669174,42.3794378,,
213240613,-76.8672493,42.3800562,,
213240616,-76.8676309,42.3807693,,
213240618,-76.8679706,42.3814032,,
213240622,-76.8686975,42.3827598,,
213240625,-76.8689606,42.3832508,,
213240651,-76.8856158,42.3911238,,
213240660,-76.7704007,42.3313023,,
213240672,-76.7773191,42.3325993,,
213240691,-76.7816988,42.3362459,,
213240709,-77.0970607,42.3788996,,
213240717,-76.7365412,42.3843831,,
213240722,-76.742747,42.3843293,,
213240726,-76.7517052,42.3840924,,
213240838,-76.6995959,42.2809407,,
213240848,-76.7886951,42.334853,,
213240849,-76.7910148,42.3351515,,
213240851,-77.0748025,42.4201069,,
213240873,-76.7123935,42.4575737,,
213240876,-76.7107278,42.4576639,,
213240886,-76.8461175,42.3469102,,
213240892,-76.846399,42.3467966,,
213240898,-76.847747,42.3462525,,
213240901,-76.8478874,42.3461958,,
213240904,-76.84808,42.3461181,,
213240915,-76.8491318,42.3456935,,
213240945,-76.940538,42.3765195,,
213240959,-76.941315,42.380487,,
213241000,-77.091642,42.383957,,
213241015,-76.743354,42.362529,,
213241052,-76.8497391,42.4782176,,
213241071,-76.8483535,42.4934433,,
213241117,-76.8670588,42.368621,,
213241123,-76.8679826,42.3703648,,
213241126,-76.8683904,42.3711325,,
213241138,-76.8696518,42.3734162,,
213241144,-76.8707907,42.3755708,,traffic_signals
213241159,-76.8734954,42.5189658,,
213241176,-76.8746987,42.5250123,,
213241184,-76.8408782,42.3284321,,
213241246,-76.8476174,42.3419844,,
213241250,-76.849304,42.3445446,,
213241365,-76.6731043,42.2557399,,
213241376,-76.674892,42.257555,,
213241383,-76.8667952,42.372461,,
213241385,-76.8657388,42.3727678,,
213241389,-76.8451202,42.3471575,,
213241390,-76.8434348,42.3471923,,
213241391,-76.8424254,42.3472393,,
213241392,-76.8408383,42.3472923,,
213241393,-76.8395285,42.3473531,,
213241438,-76.8584933,42.3515242,,
213241472,-76.693504,42.497135,,
213241520,-76.7789796,42.3404163,,
213241546,-76.8713189,42.4969032,,
213241554,-76.8699632,42.4976516,,
213241562,-77.0905965,42.3799439,,
213241598,-76.880981,42.538751,,
213241604,-76.8581153,42.5310905,,
213241618,-76.8631903,42.5340035,,
213241649,-76.8749052,42.5349611,,
213241651,-76.8758513,42.5348988,,
213241653,-76.8772062,42.5348972,,
213241658,-76.8794902,42.5346671,,
213241696,-77.0747227,42.4211671,,
213241743,-77.07273,42.4513743,,
213241771,-77.076028,42.4678865,,
213241781,-77.076061,42.471865,,
213241787,-76.8021704,42.4290123,,
213241813,-76.7892049,42.426965,,
213241857,-76.761134,42.474819,,
213241861,-76.762647,42.475257,,
213241955,-76.8484396,42.299424,,
213241973,-76.8516406,42.3029096,,
213242006,-77.0610827,42.4123849,,
213242031,-76.8534269,42.3474279,,
213242056,-76.6978958,42.2498215,,
213242122,-76.677277,42.2569567,,
213242130,-76.726816,42.2508555,,
213242145,-76.712261,42.2552136,,
213242186,-77.0979179,42.4646793,,
213242189,-77.0985808,42.4647102,,
213242197,-77.0979296,42.4656273,,
213242209,-77.1013438,42.4659467,,
213242218,-77.018219,42.436664,,
213242224,-77.018597,42.439503,,
213242279,-76.871167,42.4955198,,
213242300,-76.884258,42.4959232,,
213242336,-76.886472,42.500071,,
213242391,-77.0948567,42.3612565,,
213242417,-77.0812309,42.3583564,,
213242443,-77.0705037,42.3559667,,
213242464,-77.0582969,42.3501902,,
213242815,-76.8479941,42.3448799,,
213242819,-76.8473872,42.3450419,,
213242821,-76.8471714,42.3450982,,
213242833,-77.0510682,42.3052943,,
213242861,-76.741027,42.545611,,
213242884,-76.7641849,42.3665095,,
213242896,-76.7687678,42.3649059,,
213242932,-77.0807421,42.2817241,,
213242963,-77.0887934,42.2909267,,
213243008,-77.0997807,42.4184109,,
213243040,-76.962781,42.302657,,
213243056,-77.0532953,42.4126681,,
213243080,-77.057636,42.4106448,,
213243083,-77.0584556,42.4106197,,
213243086,-77.0593307,42.4107452,,
213243111,-77.0676367,42.419106,,
213243125,-77.0719023,42.4204126,,
213243138,-77.076608,42.4216523,,
213243147,-77.0844568,42.4223163,,
213243182,-77.0413945,42.3983232,,
213243205,-76.7315599,42.4894626,,
213243208,-76.7328897,42.4894116,,
213243261,-76.7695816,42.4924935,,
213243316,-77.0652194,42.4007668,,
213243338,-77.0688693,42.4054364,,
213243403,-77.0591846,42.3995847,,
213243437,-76.802784,42.3203769,,
213243491,-76.7952191,42.3328196,,
213243541,-76.8330545,42.3846694,,
213243545,-76.8260395,42.3849789,,
213243570,-76.8188713,42.392625,,
213243654,-76.68828,42.42062,,
213243674,-76.7080847,42.4216663,,
213243699,-76.7412901,42.414287,,
213243728,-77.0966478,42.4377951,,
213243734,-77.094173,42.437835,,
213243741,-76.8660041,42.3709913,,
213243748,-76.942573,42.290797,,
213243769,-77.0891343,42.4276966,,
213243806,-77.0949395,42.4395786,,
213243819,-77.0967282,42.4444816,,
213243830,-77.0972025,42.4458663,,
213243848,-77.0984095,42.449961,,
213243861,-77.0982978,42.452944,,
213243869,-77.0982735,42.4573182,,
213243871,-77.0980231,42.4599684,,
213243874,-77.0979405,42.4612607,,
213243900,-76.8363365,42.3493851,,
213243910,-76.8368706,42.3554677,,
213243955,-76.7216267,42.5165366,,
213243958,-76.7224901,42.5310534,,
213243978,-77.1008026,42.4751129,,
213244007,-76.8407696,42.3467127,,
213244012,-76.7085965,42.4283659,,
213244030,-76.688773,42.429067,,
213244037,-76.9765741,42.3348744,,
213244050,-76.9632268,42.3353244,,
213244063,-76.9169218,42.4246583,,
213244082,-77.0901451,42.389441,,
213244091,-77.0893387,42.3939851,,
213244100,-77.0905205,42.3987043,,
213244105,-77.0910648,42.4001244,,
213244142,-77.0962325,42.4120466,,
213244151,-77.097214,42.415076,,
213244169,-76.881712,42.379042,,
213244180,-76.8799978,42.3801746,,
213244183,-76.8788698,42.3805121,,
213244186,-76.8775966,42.3809079,,
213244189,-76.8763479,42.3812872,,
213244191,-76.8758923,42.3814323,,
213244195,-76.8742002,42.3819364,,
213244219,-76.8434924,42.3450724,,
213244222,-76.8425677,42.3453255,,
213244224,-76.840707,42.3457927,,
213244231,-77.048236,42.305706,,
213244255,-77.0400835,42.3025509,,
213244300,-76.7120648,42.2673564,,
213244350,-76.6971109,42.2817613,,
213244360,-76.739114,42.372978,,
213244362,-76.7400775,42.3729869,,
213244368,-76.9488464,42.3049814,,
213244376,-76.948739,42.30704,,
213244382,-76.8278679,42.5135076,,
213244461,-76.788699,42.3373328,,stop
213244493,-77.0582574,42.408227,,
213244502,-76.851467,42.417731,,
213244582,-76.9072716,42.4345858,,
213244601,-76.895567,42.435753,,
213244608,-76.7867278,42.444513,,
213244685,-76.7936506,42.4701302,,
213244881,-76.6994655,42.291768,,
213244892,-76.7064256,42.2924695,,
213244987,-76.8293329,42.4385988,,
213244993,-76.8200645,42.4388828,,
213245004,-76.8145685,42.424554,,
213245011,-76.8111879,42.4253911,,
213245017,-76.8056684,42.4265722,,
213245075,-76.856863,42.3946091,,
213245125,-76.8522727,42.4093663,,
213245153,-76.7933645,42.4392123,,
213245178,-76.779166,42.4481666,,
213245206,-76.7610654,42.4558959,,
213245224,-76.7486614,42.4561322,,
213245227,-76.7424078,42.4563595,,
213245233,-76.7306803,42.4568092,,
213245265,-76.8331649,42.4225916,,
213245277,-76.8179632,42.4241187,,
213245336,-76.710733,42.4577936,,
213245339,-76.7105564,42.4564403,,
213245383,-76.707522,42.41411,,
213245446,-76.7191555,42.3676807,,
213245467,-76.7310662,42.3583051,,
213245512,-76.7460783,42.3493572,,
213245541,-76.6977658,42.3885601,,
213245551,-76.7121453,42.3786258,,
213245564,-76.7163567,42.3728907,,
213245585,-76.8401125,42.341361,,
213245590,-76.8454526,42.3455304,,
213245634,-76.7054551,42.4636723,,
213245651,-76.8460883,42.2964147,,
213245657,-76.8473998,42.2959037,,
213245671,-76.8477807,42.2963,,
213245680,-76.846967,42.2945523,,
213245687,-76.879142,42.535384,,
213245689,-76.8772251,42.535534,,
213245696,-76.7257297,42.3133977,,
213245707,-76.8650572,42.3691717,,
213245728,-76.8676646,42.3739978,,
213245833,-76.790832,42.3400362,,
213245863,-76.8194578,42.39635,,
213245872,-76.7885107,42.335677,,
213245875,-76.7908252,42.3359927,,
213245885,-76.8745324,42.3825805,,
213245903,-77.045573,42.472117,,
213245931,-76.9360339,42.3138549,,
213245951,-76.9574287,42.3092071,,
213245981,-76.9088607,42.3390458,,
213246002,-76.9091189,42.3500965,,
213246081,-76.7906161,42.4846816,,
213246134,-76.7908486,42.5290297,,
213246186,-76.8770416,42.5334511,,
213246189,-76.879514,42.5334965,,
213246193,-76.8806208,42.533639,,
213246225,-77.0887614,42.3674077,,
213246330,-76.6879953,42.4149872,,
213246360,-76.8639393,42.5309302,,
213246384,-76.8468216,42.3477882,,
213246404,-76.8669083,42.3505814,,
213246451,-76.8767329,42.382036,,
213246454,-76.8775022,42.3826272,,
213246457,-76.8791431,42.383824,,
213246465,-76.8795692,42.3841093,,
213246468,-76.8817384,42.3849342,,
213246490,-77.0974762,42.4385176,,
213246547,-76.7918312,42.3377733,,
213246550,-76.7933608,42.3392425,,
213246658,-76.9226197,42.3686579,,
213246671,-76.9086381,42.369348,,
213246719,-77.0938784,42.4561353,,
213246729,-76.931692,42.380808,,
213246732,-76.9320176,42.3907004,,
213246735,-76.9319859,42.3909779,,
213246929,-76.8709469,42.3698451,,
213247003,-76.7620426,42.4711796,,
213247017,-76.7685197,42.4698363,,
213247026,-76.7562727,42.471359,,
213247029,-76.7558535,42.47138,,
213247042,-76.8760318,42.5361449,,
213247046,-76.8763751,42.5367734,,
213247068,-76.7379141,42.317395,,
213247071,-76.7381313,42.3132607,,
213247083,-76.7904715,42.3377764,,
213247095,-76.791686,42.3391303,,
213247102,-76.8833264,42.3864872,,
213247104,-76.8818516,42.3865556,,
213247106,-76.8807269,42.3866362,,
213247119,-76.879491,42.387665,,
213247122,-76.8791398,42.3879036,,
213247128,-76.7421153,42.4416174,,
213247132,-76.7373167,42.4417522,,
213247139,-77.0773742,42.3728889,,
213247172,-77.084059,42.374805,,
213247181,-76.7327123,42.487013,,
213247219,-76.7408222,42.5012798,,
213247262,-76.7512447,42.5156961,,
213247277,-76.7520648,42.530203,,
213247451,-77.036308,42.466125,,
213247460,-76.8367958,42.3354726,,
213247466,-76.8367378,42.3368395,,
213247477,-76.838457,42.340133,,
213247492,-76.8440766,42.3458804,,
213247537,-76.780067,42.298492,,
213247556,-76.8459266,42.3425542,,
213247651,-76.7634926,42.3921012,,
213247702,-77.017578,42.439457,,
213247758,-77.003357,42.460534,,
213247761,-77.003258,42.46776,,
213247778,-76.9882597,42.287896,,
213247882,-77.049272,42.3055904,,
213248025,-76.878038,42.383706,,
213248096,-76.8731079,42.3798974,,
213248098,-76.8694905,42.3809577,,
213248175,-76.7914374,42.3393661,,
213248396,-76.7927374,42.3327624,,
213248401,-76.7924007,42.3341556,,
213248406,-76.9082869,42.3012978,,
213248455,-77.0851921,42.3945026,,
213248458,-77.0858938,42.3926255,,
213248502,-76.8684637,42.3789739,,
213248576,-76.6963172,42.4869947,,
213248597,-76.8981552,42.3622304,,
213248630,-76.8714377,42.3685761,,
213248668,-76.847887,42.44932,,
213248747,-76.8716671,42.3772395,,traffic_signals
213248750,-76.872349,42.3785932,,
213248753,-76.8727431,42.3792383,,
213248757,-76.8738386,42.381262,,
213248802,-76.8513751,42.4132099,,
213248823,-76.9550972,42.4394642,,
213248840,-76.987046,42.439475,,
213248857,-77.0129559,42.4394212,,
213248883,-76.8842022,42.3900853,,
213248943,-76.8691565,42.3803113,,
213248973,-76.758213,42.3281129,,
213249026,-76.9071109,42.432623,,
213249182,-76.8067383,42.469801,,
213249247,-76.8756766,42.3836461,,
213249258,-76.628977,42.262787,,
213249371,-76.8494861,42.3502555,,
213249391,-76.8791743,42.3856791,,
213249471,-76.928,42.317804,,
213249511,-76.688212,42.419644,,
213249528,-76.689056,42.434059,,
213249556,-76.7099178,42.5169037,,
213249574,-76.8744589,42.3776641,,
213249632,-76.7337525,42.3602384,,
213249656,-76.936825,42.428559,,
213249736,-76.880912,42.541134,,
213249747,-76.8641518,42.4519185,,
213249759,-76.8505671,42.4524141,,
213249778,-76.83364,42.4533859,,
213249791,-76.7889216,42.3338907,,
213249902,-76.9030009,42.3818762,,
213249916,-76.9052894,42.391727,,
213249923,-76.828612,42.5279971,,
213250002,-76.7714828,42.5296333,,
213250094,-76.8750771,42.5304839,,
213250103,-76.8768294,42.5322222,,
213250124,-76.8851697,42.4916993,,
213250198,-76.839872,42.3441953,,
213250216,-76.8406055,42.3441724,,
213250248,-76.737261,42.375518,,
213250266,-77.0792636,42.3698051,,
213250285,-77.069055,42.3642668,,
213250297,-77.0646565,42.363013,,
213250324,-77.045389,42.3593185,,
213250344,-77.0295704,42.3608369,,
213250378,-76.9899255,42.3627284,,
213250401,-76.8288775,42.4877725,,
213250430,-76.8711039,42.4948221,,
213250441,-76.7546611,42.3564678,,
213250529,-76.8767136,42.3792765,,
213250632,-76.841017,42.3487777,,
213250638,-76.6952419,42.4920112,,
213250645,-76.7010185,42.2848354,,
213250657,-76.709902,42.2932956,,
213250665,-76.8688197,42.3592534,,
213250727,-76.8308218,42.4435988,,
213250769,-76.8310589,42.4638479,,
213250781,-76.8287187,42.4734075,,
213250792,-76.8288537,42.4935853,,
213250820,-76.8275247,42.5038406,,
213250896,-76.804812,42.321968,,
213250925,-76.8465031,42.3423398,,
213250947,-76.863081,42.4330487,,
213250958,-76.8380438,42.4637193,,
213251091,-77.056636,42.3037258,,
213251108,-77.0589472,42.3147858,,
213251175,-76.8429549,42.3461744,,
213251183,-76.9543091,42.4291813,,
213251198,-76.8202068,42.397173,,
213251224,-76.8453587,42.3483723,,
213251307,-76.724117,42.543802,,
213251316,-77.031132,42.439575,,
213251343,-76.7682879,42.4663883,,
213251367,-76.7641605,42.465761,,
213251396,-76.8511324,42.4014604,,
213251420,-76.9878595,42.3628262,,
213251468,-76.9733748,42.3482926,,
213251507,-76.9919592,42.3905705,,
213251524,-76.9924213,42.4059454,,
213251617,-77.0381493,42.4095414,,
213251628,-77.0344347,42.4189182,,
213251663,-77.021406,42.439755,,
213251715,-76.8705481,42.3830014,,
213251725,-76.8698077,42.3831651,,
213251732,-76.8672918,42.376708,,
213251735,-76.868117,42.3783021,,
213251737,-76.8687977,42.3796185,,
213251745,-76.8701967,42.382323,,
213251749,-76.8708846,42.3836518,,
213251790,-77.104295,42.48224,,
213251829,-77.0420014,42.3107742,,
213251881,-77.0963511,42.4387045,,
213251885,-77.0963499,42.4393155,,
213251905,-76.92067,42.418516,,
213251963,-76.901574,42.3918336,,
213252008,-76.952177,42.396631,,
213252026,-76.9852941,42.40486,,
213252040,-76.9997962,42.4071665,,
213252046,-77.0068063,42.4072522,,
213252055,-77.033819,42.4088516,,
213252057,-77.0416793,42.4100989,,
213252066,-77.0533043,42.4123169,,
213252085,-76.7915569,42.3327395,,
213252087,-76.7911722,42.3343798,,
213252129,-76.756764,42.500951,,
213252214,-76.7713516,42.3591407,,
213252228,-76.8483243,42.5133467,,
213252327,-76.7328747,42.2865846,,
213252330,-76.7309843,42.2879824,,
213252342,-76.7275813,42.2910148,,
213252350,-76.7257305,42.2921007,,
213252356,-76.731655,42.285123,,
213252392,-77.0871501,42.4123946,,
213252411,-77.0840897,42.4077684,,
213252427,-77.087791,42.413284,,
213252455,-76.8579783,42.3964809,,
213252621,-76.922359,42.3651518,,
213252624,-76.923372,42.377766,,
213252627,-76.923579,42.380967,,
213252652,-76.7962356,42.3328545,,
213252658,-76.796268,42.335116,,
213252771,-76.8339212,42.3967402,,
213252782,-76.843135,42.353202,,
213252789,-76.879961,42.388159,,
213252799,-76.839715,42.358097,,
213252950,-76.934328,42.37962,,
213252955,-76.933938,42.378222,,
213252959,-76.7924921,42.4701519,,
213253029,-76.8699483,42.4811706,,
213253042,-76.627193,42.25995,,
213253275,-77.0751592,42.3964709,,
213253357,-77.0787294,42.3701592,,
213253379,-77.0650366,42.37027,,
213253399,-76.801855,42.3887504,,
213253411,-76.8027374,42.3979902,,
213253451,-76.7122366,42.2585668,,
213253468,-76.698439,42.264082,,
213253509,-77.045419,42.354689,,
213253519,-77.045096,42.363999,,
213253554,-76.8476309,42.5014031,,
213253567,-76.851893,42.417714,,
213253570,-76.8525544,42.4180094,,
213253586,-76.853963,42.418814,,
213253599,-76.8533912,42.4183025,,
213253640,-76.868964,42.353242,,
213253659,-76.8154084,42.3020272,,
213253712,-76.96776,42.370694,,
213253748,-76.740868,42.501109,,
213253756,-76.7326199,42.3765184,,
213253774,-76.8659891,42.3317724,,
213253786,-76.75718,42.342835,,
213253821,-76.934721,42.319729,,
213253845,-76.8093493,42.305986,,
213253903,-76.88145,42.390702,,
213253975,-76.713337,42.372992,,
213254021,-76.8853054,42.4922585,,
213254057,-76.8703969,42.4927195,,
213254063,-76.835659,42.3435389,,
213254068,-76.731483,42.281735,,
213254088,-76.7413216,42.4196201,,
213254105,-76.8048645,42.3334946,,
213254112,-76.633476,42.27025,,
213254189,-76.627314,42.262329,,
213254211,-76.632655,42.269477,,
213254230,-76.8766252,42.3853345,,
213254247,-76.8324399,42.4686795,,turning_loop
213254320,-76.7380024,42.3377934,,
213254372,-76.8752329,42.5273854,,
213254401,-76.880191,42.5268034,,
213254424,-76.882165,42.526289,,
213254503,-76.8354,42.3661295,,
213254675,-76.8807764,42.3425743,,
213254685,-76.8748926,42.3507423,,
213254878,-76.8656125,42.4624881,,
213254975,-76.8725329,42.500683,,
213255262,-76.6316466,42.2444347,,
213255488,-76.715307,42.2937371,,traffic_signals
213255537,-76.7299777,42.3133257,,
213255710,-76.8171216,42.3366943,,
213255785,-77.0832131,42.4512426,,
213255825,-76.8380912,42.3496206,,
213256129,-76.91115,42.4555766,,
213256218,-76.7122095,42.4556936,,
213256339,-76.9320205,42.3807797,,
213256379,-76.9499473,42.3716331,,
213256422,-77.0659013,42.3826688,,
213256672,-76.9874547,42.4532214,,
213256813,-76.8708928,42.3699427,,
213256835,-76.8699315,42.3688102,,
213256879,-76.8982017,42.3628051,,
213256957,-76.7476726,42.4413919,,
213257129,-76.7683737,42.4669779,,
213257144,-76.7574787,42.4705662,,
213257148,-76.7574768,42.4705687,,
213257168,-76.7503156,42.4737204,,
213257194,-76.731979,42.4837851,,
213257283,-76.959763,42.386087,,
213257287,-76.951334,42.3861835,,
213257304,-76.837892,42.338189,,
213257345,-76.840023,42.503606,,
213257371,-76.8378102,42.5035261,,
213257476,-76.6911738,42.3069826,,
213257862,-76.6987788,42.4851005,,
213258020,-76.7684145,42.4682505,,
213258026,-76.7710977,42.4685128,,
213258034,-76.8160497,42.396443,,
213258151,-76.783229,42.419326,,
213258853,-76.9085061,42.4490554,,
213258858,-76.9509918,42.3801626,,
213259057,-76.9607429,42.348758,,
213259082,-76.9367711,42.3465917,,
213259126,-76.8781846,42.3510336,,
213259197,-77.0210211,42.3227661,,
213259318,-76.8781894,42.3877526,,
213259324,-76.8774143,42.3869639,,
213259331,-76.8785012,42.3883968,,
213259346,-76.8813891,42.3427977,,
213259571,-76.9861177,42.4217159,,
213259607,-76.9882644,42.4676349,,
213259679,-76.7318096,42.4721773,,
213259773,-76.9577286,42.3060122,,
213259860,-76.858933,42.378579,,
213260046,-76.691039,42.463081,,
213260150,-76.897692,42.444307,,
213260170,-76.898527,42.447607,,
213260177,-76.898053,42.446888,,
213260243,-76.9081905,42.446059,,
213260257,-76.926544,42.376732,,
213260290,-76.782603,42.417076,,
213260385,-76.8817732,42.3859825,,
213260414,-76.999687,42.424469,,
213260423,-76.9861734,42.4245955,,
213260439,-76.9542839,42.4285252,,
213260449,-76.850462,42.452937,,
213260492,-76.681448,42.242482,,
213260527,-76.754775,42.479335,,
213260586,-76.972215,42.308788,,
213260689,-76.8856826,42.3912172,,
213260723,-76.692134,42.477906,,
213260887,-76.8010681,42.3171738,,
213261126,-76.8500975,42.3469871,,
213261144,-76.679073,42.245888,,
213261256,-76.9127104,42.4583255,,
213261485,-76.9054368,42.4248256,,
213261567,-76.8812367,42.390099,,
213261583,-76.8881236,42.397272,,
213261599,-76.894965,42.4035632,,
213261658,-77.082218,42.4059458,,
213261676,-77.082308,42.4066322,,
213261828,-76.8681013,42.3829335,,
213261844,-76.7380298,42.343669,,
213261867,-77.1026622,42.466058,,
213262007,-76.9515601,42.3898624,,
213262175,-76.7127059,42.3586226,,
213286533,-76.873874,42.542097,,
213286802,-76.819193,42.543576,,
213286845,-76.79962,42.544102,,
213286882,-76.780189,42.544633,,
644478328,-76.7857785,42.3359562,,
665365936,-76.9560396,42.2928955,,
702338794,-76.9337603,42.4356672,,
702338795,-76.8688355,42.3718616,,
702338796,-76.8663927,42.3716634,,
702338797,-76.8663219,42.3715555,,
702341371,-76.7326162,42.4836626,,
1144085849,-76.8402864,42.3491443,,
1144086348,-76.8486759,42.3458775,,
1144598326,-76.8786929,42.3834959,,
1284917271,-76.9002143,42.4113593,,
1284917284,-76.9015254,42.4148241,,
1284917307,-76.8960291,42.4044187,,
1284917317,-76.8882789,42.3972275,,
1284917322,-76.8970484,42.4054376,,
1284917361,-76.9016543,42.4152303,,
1284917367,-76.893774,42.4025091,,
1284917381,-76.8879062,42.3966789,,
1284917402,-76.8862519,42.3947875,,
1284917405,-76.9028352,42.4184992,,
1284917420,-76.89734,42.405927,,
1284917422,-76.8991229,42.409287,,
1284917423,-76.8986444,42.4083807,,
1284917443,-76.8989671,42.4093333,,
1284917450,-76.9026759,42.4180987,,
1284917456,-76.904808,42.4233157,,
1284917469,-76.8832397,42.3919195,,
1284917504,-76.8979418,42.4070557,,
1284917523,-76.900751,42.412581,,
1284917539,-76.9024698,42.4176129,,
1284917544,-76.8912052,42.4006345,,
1284917556,-76.8961588,42.4043352,,
1284917575,-76.882479,42.3913279,,
1284917587,-76.8950885,42.4034779,,
1284917594,-76.8831213,42.3919883,,
1284917611,-76.904649,42.4233598,,
1293232309,-76.6997242,42.2920922,,
1313700156,-76.7795954,42.4317701,,
1313700169,-76.7631707,42.4558894,,
1313700276,-76.8958038,42.3215302,,
1313700351,-76.7106926,42.4566145,,
1322166836,-76.78334,42.3591351,,
1478552628,-77.1049947,42.4706325,,
1665009820,-76.959511,42.2913677,,
1665009823,-77.0882321,42.3019972,,
1665010458,-77.0990987,42.3668863,,
1665262466,-77.0804445,42.3066148,,
1665262582,-76.9835785,42.3687028,,
2044022862,-76.9524774,42.4345789,,
2044022872,-76.9524059,42.4334047,,
2044022874,-76.9546545,42.4336444,,
2044022889,-76.9526507,42.4333628,,
2044022905,-76.9522263,42.4334236,,
2044022911,-76.9517505,42.4327917,,
2044022938,-76.9532499,42.4345139,,
2044022954,-76.9527592,42.4345354,,
2044022956,-76.9519672,42.4334363,,
2044022975,-76.9526009,42.4329537,,
2044022990,-76.9542232,42.4336591,,
2044022993,-76.9525425,42.4338215,,
2044023025,-76.9538427,42.4349506,,
2044023051,-76.9547136,42.4344067,,
2044023056,-76.953909,42.4344522,,
2283538522,-76.8483497,42.3465002,,
2283538523,-76.8481608,42.3465767,,
2283538525,-76.8485895,42.3459124,,
2439024812,-76.8495601,42.4186117,,
2439024815,-76.8497497,42.4189558,,
2448047559,-76.8786847,42.3751292,,
2894888612,-76.888477,42.364712,,
2894888613,-76.8884563,42.3626656,,
3016877433,-76.9162159,42.3109835,,
3024032062,-77.0756213,42.4676637,,
3024032068,-77.0764162,42.4676546,,
3127086977,-76.7793843,42.493261,,
3128736791,-76.8751257,42.5268785,,
3328050519,-76.9078069,42.3867887,,
3328050520,-76.9034434,42.3867903,,
3341082481,-76.9358888,42.3138945,,
3344667473,-77.0789076,42.4164529,,
3344667475,-77.0726254,42.4185557,,
3344667490,-77.0719493,42.4231385,,
3344692303,-77.0696878,42.4005725,,
3344692322,-77.0713323,42.4025954,,
3344692324,-77.071624,42.4028792,,
3344692325,-77.0693014,42.4035105,,
3344692327,-77.0714211,42.4038792,,
3348173310,-76.8354547,42.44297,,
3373625105,-76.8670244,42.4688891,,
3569356200,-76.8745618,42.3779159,,
3618773979,-77.0982786,42.4562629,,
3618773987,-77.0990362,42.4619976,,
3659200194,-76.8643208,42.3720941,,turning_circle
4287525089,-76.8712751,42.4688796,,
4308087572,-76.7496831,42.4715364,,
4374804268,-76.8711202,42.3804869,,
4374898965,-76.9327252,42.3310204,,
4376398396,-76.6989047,42.2924904,,
4379940193,-77.0140369,42.3252684,,
