u,v,key,oneway,highway,name,length,lanes,width,est_width,maxspeed,access,service,bridge,tunnel,area,junction,osmid,ref
116510621,116510639,0,False,residential,,152.446,,,,,,,,,,,12735965,
116510621,117263182,0,False,secondary,State Highway 28,866.511,,,,,,,,,,,12864126,NY 28
116510639,116510621,0,False,residential,,152.446,,,,,,,,,,,12735965,
116510772,116510838,0,False,residential,,1002.696,,,,,,,,,,,12735988,
116510772,116935053,0,False,tertiary,Delhi-Leonta Road,636.903,,,,,,,,,,,12845092,CR 14
116510772,116962359,0,False,tertiary,Delhi-Leonta Road,462.975,,,,,,,,,,,12845092,CR 14
116510838,116510772,0,False,residential,,1002.696,,,,,,,,,,,12735988,
116523206,116837295,0,False,residential,Star Road,1289.705,,,,,,,,,,,12868327,
116526398,116526406,0,False,residential,,22.73,,,,,,,,,,,12737365,
116526398,117095207,0,False,residential,Sheehan Road,338.945,,,,,,,,,,,12801306,
116526398,116665784,0,False,residential,Sheehan Road,31.749,,,,,,,,,,,12801306,
116526406,116526398,0,False,residential,,22.73,,,,,,,,,,,12737365,
116526439,116526470,0,False,residential,,245.486,,,,,,,,,,,12737374,
116526439,116652022,0,False,tertiary,Meridale-Davenport Center Road,264.065,,,,,,,,,,,12813956,CR 10
116526439,117208964,0,False,tertiary,Meridale-Davenport Center Road,1242.579,,,,,,,,,,,12813956,CR 10
116526470,116526439,0,False,residential,,245.486,,,,,,,,,,,12737374,
116526582,116526589,0,False,residential,,138.242,,,,,,,,,,,12737387,
116526582,116526656,0,False,tertiary,Meridale-Davenport Center Road,298.866,,,,,,,,,,,12813956,CR 10
116526582,116652022,0,False,tertiary,Meridale-Davenport Center Road,72.329,,,,,,,,,,,12813956,CR 10
116526589,116526582,0,False,residential,,138.242,,,,,,,,,,,12737387,
116526656,116526661,0,False,residential,,133.864,,,,,,,,,,,12737395,
116526656,117094860,0,False,tertiary,Meridale-Davenport Center Road,470.865,,,,,,,,,,,12813956,CR 10
116526656,116526582,0,False,tertiary,Meridale-Davenport Center Road,298.866,,,,,,,,,,,12813956,CR 10
116526661,116526656,0,False,residential,,133.864,,,,,,,,,,,12737395,
116529426,116529426,0,False,residential,,234.591,,,,,,,,,,,12737663,
116529426,116529426,1,False,residential,,234.591,,,,,,,,,,,12737663,
116529426,117139204,0,False,residential,Kathmann Road,500.582,,,,,,,,,,,12835570,
116529507,116529536,0,False,residential,,436.194,,,,,,,,,,,12737669,
116529507,117678830,0,False,residential,Dunam Road,833.255,,,,,,,,,,,12874563,
116529507,118011993,0,False,residential,Dunam Road,401.534,,,,,,,,,,,12874563,
116529536,116529507,0,False,residential,,436.194,,,,,,,,,,,12737669,
116540733,116540864,0,False,residential,Dickmann Road,95.494,,,,,,,,,,,12850908,
116540733,116540759,0,False,residential,,156.028,,,,,,,,,,,12739512,
116540733,117155340,0,False,residential,Jersey Road,1021.688,,,,,,,,,,,12808791,
116540733,116760539,0,False,residential,Jersey Road,127.796,,,,,,,,,,,12808791,
116540733,116662979,0,False,residential,Dickmann Road,638.406,,,,,,,,,,,12850908,
116540759,116540765,0,False,residential,,15.129,,,,,,,,,,,12739512,
116540759,116540864,0,False,residential,,57.32,,,,,,,,,,,12739530,
116540759,116540733,0,False,residential,,156.028,,,,,,,,,,,12739512,
116540765,116540759,0,False,residential,,15.129,,,,,,,,,,,12739512,
116540864,116540759,0,False,residential,,57.32,,,,,,,,,,,12739530,
116540864,117649847,0,False,residential,Dickmann Road,75.053,,,,,,,,,,,12850908,
116540864,116540733,0,False,residential,Dickmann Road,95.494,,,,,,,,,,,12850908,
116540933,116540957,0,False,residential,,332.693,,,,,,,,,,,12739551,
116540933,116540957,1,False,unclassified,Turnpike Road,271.437,,,,,,,,,,,12783323,
116540933,116596549,0,False,unclassified,Turnpike Road,299.669,,,,,,,,,,,12783323,
116540957,116540933,0,False,residential,,332.693,,,,,,,,,,,12739551,
116540957,116540933,1,False,unclassified,Turnpike Road,271.437,,,,,,,,,,,12783323,
116540957,116596647,0,False,unclassified,Turnpike Road,215.022,,,,,,,,,,,12783323,
116542767,116542781,0,False,residential,,216.639,,,,,,,,,,,12739804,
116542767,117299936,0,False,residential,Kiff Brook Road,556.57,,,,,,,,,,,12822299,
116542767,116542791,0,False,residential,Kiff Brook Road,1299.06,,,,,,,,,,,12822299,
116542781,116542767,0,False,residential,,216.639,,,,,,,,,,,12739804,
116542791,116542801,0,False,residential,,175.681,,,,,,,,,,,12739811,
116542791,116542767,0,False,residential,Kiff Brook Road,1299.06,,,,,,,,,,,12822299,
116542791,116732238,0,False,residential,Kiff Brook Road,1086.104,,,,,,,,,,,12822299,
116542801,116542791,0,False,residential,,175.681,,,,,,,,,,,12739811,
116543343,116543371,0,False,residential,,296.329,,,,,,,,,,,12739982,
116543343,116967595,0,False,residential,Irish Hill Road,677.487,,,,,,,,,,,12786824,
116543343,116967432,0,False,residential,Irish Hill Road,639.221,,,,,,,,,,,12786824,
116543371,116543343,0,False,residential,,296.329,,,,,,,,,,,12739982,
116548929,116548954,0,False,residential,,204.349,,,,,,,,,,,12741164,
116548954,116548929,0,False,residential,,204.349,,,,,,,,,,,12741164,
116558387,116558418,0,False,residential,,565.831,,,,,,,,,,,12742986,
116558387,116732238,0,False,secondary,State Highway 10,1985.673,,,,,,,,,,,12765036,NY 10
116558387,116731819,0,False,secondary,State Highway 10,71.957,,,,,,,,,,,12765036,NY 10
116558418,116558387,0,False,residential,,565.831,,,,,,,,,,,12742986,
116564519,116564826,0,False,residential,,228.043,,,,,,,,,,,12744221,
116564519,116990342,0,False,tertiary,Doonans Corners-E Meredith Road,635.375,,,,,,,,,,,12789519,CR 12
116564826,116564519,0,False,residential,,228.043,,,,,,,,,,,12744221,
116566939,116566944,0,False,residential,,47.757,,,,,,,,,,,12744628,
116566939,116680668,0,False,residential,Waterman Road,1915.482,,,,,,,,,,,12818659,
116566939,116566975,0,False,residential,Waterman Road,150.434,,,,,,,,,,,12818659,
116566944,116566939,0,False,residential,,47.757,,,,,,,,,,,12744628,
116566975,116566978,0,False,residential,,58.827,,,,,,,,,,,12744637,
116566975,116566939,0,False,residential,Waterman Road,150.434,,,,,,,,,,,12818659,
116566975,117247046,0,False,residential,Waterman Road,215.001,,,,,,,,,,,12818659,
116566978,116566975,0,False,residential,,58.827,,,,,,,,,,,12744637,
116568280,116568285,0,False,residential,,155.831,,,,,,,,,,,12744908,
116568280,116568325,0,False,tertiary,Meridale-Davenport Center Road,415.61,,,,,,,,,,,12813956,CR 10
116568280,117094860,0,False,tertiary,Meridale-Davenport Center Road,19.103,,,,,,,,,,,12813956,CR 10
116568285,116568280,0,False,residential,,155.831,,,,,,,,,,,12744908,
116568325,116568333,0,False,residential,,146.374,,,,,,,,,,,12744923,
116568325,116612909,0,False,tertiary,Meridale-Davenport Center Road,363.296,,,,,,,,,,,12813956,CR 10
116568325,116568280,0,False,tertiary,Meridale-Davenport Center Road,415.61,,,,,,,,,,,12813956,CR 10
116568333,116568325,0,False,residential,,146.374,,,,,,,,,,,12744923,
116570908,116570912,0,False,residential,,84.894,,,,,,,,,,,12745404,
116570912,116570908,0,False,residential,,84.894,,,,,,,,,,,12745404,
116570912,117342436,0,False,secondary,State Highway 28,128.502,,,,,,,,,,,12864313,NY 28
116570912,116574364,0,False,secondary,State Highway 28,710.562,,,,,,,,,,,12864313,NY 28
116572575,116572581,0,False,residential,,30.812,,,,,,,,,,,12745696,
116572575,116665585,0,False,residential,Sheehan Road,55.92,,,,,,,,,,,12801306,
116572575,116687206,0,False,residential,Sheehan Road,50.587,,,,,,,,,,,12801306,
116572581,116572575,0,False,residential,,30.812,,,,,,,,,,,12745696,
116574364,116650261,0,False,residential,,355.93,,,,,,,,,,,"[12756760, 12746129]",
116574364,116570912,0,False,secondary,State Highway 28,710.562,,,,,,,,,,,12864313,NY 28
116574364,116601873,0,False,secondary,State Highway 28,47.526,,,,,,,,,,,12864313,NY 28
116574421,116601873,0,False,residential,,110.619,,,,,,,,,,,"[12746137, 12750977]",
116574421,116601873,1,False,secondary,State Highway 28,94.105,,,,,,,,,,,12864313,NY 28
116574421,116933548,0,False,secondary,State Highway 28,873.754,,,,,,,,,,,12864313,NY 28
116578464,116578474,0,False,residential,,157.733,,,,,,,,,,,12746861,
116578464,116958293,0,False,residential,Bloomville Hill Road,2609.646,,,,,,,,,,,12785721,
116578464,116627822,0,False,residential,Bloomville Hill Road,2242.735,,,,,,,,,,,12785721,
116578474,116578464,0,False,residential,,157.733,,,,,,,,,,,12746861,
116581419,116581439,0,False,residential,,225.856,,,,,,,,,,,12747489,
116581419,116760936,0,False,residential,Davis Road,392.434,,,,,,,,,,,12767250,
116581419,116760539,0,False,residential,Davis Road,1879.803,,,,,,,,,,,12767250,
116581439,116581419,0,False,residential,,225.856,,,,,,,,,,,12747489,
116587000,116587039,0,False,residential,,145.815,,,,,,,,,,,12748579,
116587000,117146916,0,False,residential,Smith Hill Road,991.767,,,,,,,,,,,12807695,
116587000,116934940,0,False,residential,Smith Hill Road,2536.705,,,,,,,,,,,12807695,
116587039,116587000,0,False,residential,,145.815,,,,,,,,,,,12748579,
116591774,116649180,0,False,residential,View Road,819.484,,,,,,,,,,,12791063,
116591774,117055886,0,False,tertiary,Bloomville-West Harpersfield Road,2030.923,,,,,,,,,,,12874604,CR 33
116591774,117110960,0,False,tertiary,Bloomville-West Harpersfield Road,2395.732,,,,,,,,,,,12874604,CR 33
116594566,116594579,0,False,residential,,132.044,,,,,,,,,,,12749961,
116594566,116734360,0,False,secondary,State Highway 10,1190.327,,,,,,,,,,,12765036,NY 10
116594566,116733647,0,False,secondary,State Highway 10,2700.703,,,,,,,,,,,12765036,NY 10
116594579,116594566,0,False,residential,,132.044,,,,,,,,,,,12749961,
116596350,116596371,0,False,residential,,87.494,,,,,,,,,,,12750214,
116596350,116760539,0,False,residential,Jersey Road,1503.364,,,,,,,,,,,12808791,
116596350,116677994,0,False,residential,Jersey Road,259.062,,,,,,,,,,,12808791,
116596371,116596350,0,False,residential,,87.494,,,,,,,,,,,12750214,
116596549,116596552,0,False,residential,,98.147,,,,,,,,,,,12750240,
116596549,116898704,0,False,unclassified,Turnpike Road,505.905,,,,,,,,,,,12783323,
116596549,116540933,0,False,unclassified,Turnpike Road,299.669,,,,,,,,,,,12783323,
116596552,116596549,0,False,residential,,98.147,,,,,,,,,,,12750240,
116596647,116596652,0,False,residential,,76.18,,,,,,,,,,,12750259,
116596647,116540957,0,False,unclassified,Turnpike Road,215.022,,,,,,,,,,,12783323,
116596647,116596785,0,False,unclassified,Turnpike Road,217.207,,,,,,,,,,,12783323,
116596652,116596647,0,False,residential,,76.18,,,,,,,,,,,12750259,
116596785,116596797,0,False,residential,,57.86,,,,,,,,,,,12750296,
116596785,116596647,0,False,unclassified,Turnpike Road,217.207,,,,,,,,,,,12783323,
116596785,116930700,0,False,unclassified,Turnpike Road,244.261,,,,,,,,,,,12783323,
116596797,116596785,0,False,residential,,57.86,,,,,,,,,,,12750296,
116601873,116574421,0,False,residential,,110.619,,,,,,,,,,,"[12750977, 12746137]",
116601873,116574421,1,False,secondary,State Highway 28,94.105,,,,,,,,,,,12864313,NY 28
116601873,116574364,0,False,secondary,State Highway 28,47.526,,,,,,,,,,,12864313,NY 28
116602134,116602167,0,False,residential,,15.368,,,,,,,,,,,12751059,
116602167,116602134,0,False,residential,,15.368,,,,,,,,,,,12751059,
116605983,116606026,0,False,residential,,394.133,,,,,,,,,,,12751617,
116606026,116605983,0,False,residential,,394.133,,,,,,,,,,,12751617,
116606026,116620302,0,False,residential,Shaw Road,1286.912,,,,,,,,,,,12767036,
116606026,116733034,0,False,residential,Shaw Road,354.129,,,,,,,,,,,12767036,
116609038,116609062,0,False,residential,,492.084,,,,,,,,,,,12751913,
116609038,116937585,0,False,unclassified,Turnpike Road,1123.21,,,,,,,,,,,12783726,
116609038,116769345,0,False,unclassified,Turnpike Road,1084.053,,,,,,,,,,,12783726,
116609062,116609038,0,False,residential,,492.084,,,,,,,,,,,12751913,
116610889,116610971,0,False,residential,,728.277,,,,,,,,,,,12752109,
116610889,117108831,0,False,residential,Hobart Hill Road,1106.783,,,,,,,,,,,12854778,
116610889,117348590,0,False,residential,Hobart Hill Road,401.308,,,,,,,,,,,12854778,
116610971,116610889,0,False,residential,,728.277,,,,,,,,,,,12752109,
116612909,116612916,0,False,residential,,93.948,,,,,,,,,,,12752358,
116612909,117095207,0,False,tertiary,Meridale-Davenport Center Road,408.482,,,,,,,,,,,12813956,CR 10
116612909,116568325,0,False,tertiary,Meridale-Davenport Center Road,363.296,,,,,,,,,,,12813956,CR 10
116612916,116612909,0,False,residential,,93.948,,,,,,,,,,,12752358,
116613251,116613255,0,False,residential,,69.822,,,,,,,,,,,12752402,
116613251,116934174,0,False,unclassified,Turnpike Road,63.295,,,,,,,,,,,12783469,
116613251,116933603,0,False,unclassified,Turnpike Road,2438.541,,,,,,,,,,,12783469,
116613255,116613251,0,False,residential,,69.822,,,,,,,,,,,12752402,
116613255,117342436,0,False,residential,Lewis Road,1895.082,,,,,,,,,,,12826164,
116613255,116934174,0,False,residential,Lewis Road,60.232,,,,,,,,,,,12826164,
116617465,116617497,0,False,residential,,381.647,,,,,,,,,,,12752847,
116617465,117110960,0,False,tertiary,Bloomville-West Harpersfield Road,553.347,,,,,,,,,,,12874604,CR 33
116617465,117110759,0,False,tertiary,Bloomville-West Harpersfield Road,795.821,,,,,,,,,,,12874604,CR 33
116617497,116617465,0,False,residential,,381.647,,,,,,,,,,,12752847,
116617592,116617620,0,False,residential,,55.108,,,,,,,,,,,12752866,
116617592,116830215,0,False,residential,Scott Road,289.115,,,,,,,,,,,12836406,
116617592,117431334,0,False,residential,Scott Road,1788.105,,,,,,,,,,,12836406,
116617620,116617592,0,False,residential,,55.108,,,,,,,,,,,12752866,
116620302,116606026,0,False,residential,Shaw Road,1286.912,,,,,,,,,,,12767036,
116623857,116623861,0,False,residential,,42.819,,,,,,,,,,,12753582,
116623857,116966939,0,False,unclassified,Elk Creek Road,168.488,,,,,,,,,,,12806828,
116623857,116664493,0,False,unclassified,Elk Creek Road,49.359,,,,,,,,,,,12806828,
116623861,116623857,0,False,residential,,42.819,,,,,,,,,,,12753582,
116625987,116626003,0,False,residential,,227.923,,,,,,,,,,,12753812,
116625987,117348154,0,False,residential,Betty Brook Road,435.134,,,,,,,,,,,12826850,
116625987,116733368,0,False,residential,Betty Brook Road,1148.376,,,,,,,,,,,12826850,
116626003,116626013,0,False,residential,,101.01,,,,,,,,,,,12753812,
116626003,116626072,0,False,residential,,152.005,,,,,,,,,,,12753817,
116626003,116626061,0,False,residential,,117.51,,,,,,,,,,,12753817,
116626003,116625987,0,False,residential,,227.923,,,,,,,,,,,12753812,
116626013,116626003,0,False,residential,,101.01,,,,,,,,,,,12753812,
116626061,116626003,0,False,residential,,117.51,,,,,,,,,,,12753817,
116626072,116626003,0,False,residential,,152.005,,,,,,,,,,,12753817,
116627175,116627187,0,False,residential,,292.965,,,,,,,,,,,12753960,
116627175,116837295,0,False,residential,Stone Fort Road,505.749,,,,,,,,,,,12773634,
116627175,116802333,0,False,residential,Stone Fort Road,1159.917,,,,,,,,,,,12773634,
116627187,116627175,0,False,residential,,292.965,,,,,,,,,,,12753960,
116627822,116627831,0,False,residential,,114.861,,,,,,,,,,,12754037,
116627822,116578464,0,False,residential,Bloomville Hill Road,2242.735,,,,,,,,,,,12785721,
116627822,116660847,0,False,residential,Bloomville Hill Road,1229.929,,,,,,,,,,,12785721,
116627831,116627822,0,False,residential,,114.861,,,,,,,,,,,12754037,
116628904,116628914,0,False,residential,,226.51,,,,,,,,,,,12754195,
116628914,116628904,0,False,residential,,226.51,,,,,,,,,,,12754195,
116628914,116981536,0,False,residential,Palmer Hill Road,1910.294,,,,,,,,,,,12811968,
116628914,117183762,0,False,residential,Palmer Hill Road,1231.591,,,,,,,,,,,12811968,
116630838,116734360,0,False,unclassified,Mc Murdy Hill Road,2063.389,,,,,,,,,,,12773541,
116643958,116933042,0,False,unclassified,Turnpike Road,17.644,,,,,,,,,,,12783323,
116643958,116644022,0,False,residential,,171.998,,,,,,,,,,,12756017,
116643958,3346126852,0,False,unclassified,Turnpike Road,1341.178,,,,,,,,,,,12783323,
116644022,116643958,0,False,residential,,171.998,,,,,,,,,,,12756017,
116644127,116644148,0,False,residential,,41.791,,,,,,,,,,,12756030,
116644127,117259898,0,False,residential,Spring Valley Road,31.894,,,,,,,,,,,12818218,
116644127,117259697,0,False,residential,Spring Valley Road,1205.42,,,,,,,,,,,12818218,
116644148,116644127,0,False,residential,,41.791,,,,,,,,,,,12756030,
116644148,117259898,0,False,secondary,State Highway 28,42.733,,,,,,,,,,,12864313,NY 28
116644148,117580922,0,False,secondary,State Highway 28,644.361,,,,,,,,,,,12864313,NY 28
116649180,116649220,0,False,residential,,185.387,,,,,,,,,,,12756657,
116649180,116591774,0,False,residential,View Road,819.484,,,,,,,,,,,12791063,
116649180,117004910,0,False,residential,View Road,488.275,,,,,,,,,,,12791063,
116649220,116649180,0,False,residential,,185.387,,,,,,,,,,,12756657,
116650261,116574364,0,False,residential,,355.93,,,,,,,,,,,"[12756760, 12746129]",
116652022,116652096,0,False,residential,,356.595,,,,,,,,,,,12756940,
116652022,116526582,0,False,tertiary,Meridale-Davenport Center Road,72.329,,,,,,,,,,,12813956,CR 10
116652022,116526439,0,False,tertiary,Meridale-Davenport Center Road,264.065,,,,,,,,,,,12813956,CR 10
116652096,116652022,0,False,residential,,356.595,,,,,,,,,,,12756940,
116653097,116653107,0,False,residential,,217.385,,,,,,,,,,,12757080,
116653097,116834252,0,False,unclassified,Elk Creek Road,1766.318,,,,,,,,,,,12806828,
116653097,116935104,0,False,unclassified,Elk Creek Road,815.865,,,,,,,,,,,12806828,
116653107,116653097,0,False,residential,,217.385,,,,,,,,,,,12757080,
116656681,116656689,0,False,residential,,37.16,,,,,,,,,,,12757517,
116656681,117431334,0,False,residential,Scott Road,2146.304,,,,,,,,,,,12836406,
116656681,117348211,0,False,residential,Scott Road,637.263,,,,,,,,,,,12836406,
116656689,116656681,0,False,residential,,37.16,,,,,,,,,,,12757517,
116660847,116627822,0,False,residential,Bloomville Hill Road,1229.929,,,,,,,,,,,12785721,
116660847,117656862,0,False,residential,Scotch Hill Road,1131.989,,,,,,,,,,,12851492,
116660847,117536373,0,False,residential,Scotch Hill Road,1179.644,,,,,,,,,,,12851492,
116662979,116998106,0,False,residential,Dickmann Road,110.393,,,,,,,,,,,12850908,
116662979,116662998,0,False,residential,,157.082,,,,,,,,,,,12758225,
116662979,116540733,0,False,residential,Dickmann Road,638.406,,,,,,,,,,,12850908,
116662998,116662979,0,False,residential,,157.082,,,,,,,,,,,12758225,
116664493,116664524,0,False,residential,,135.214,,,,,,,,,,,12758381,
116664493,116623857,0,False,unclassified,Elk Creek Road,49.359,,,,,,,,,,,12806828,
116664493,117138296,0,False,unclassified,Elk Creek Road,1324.64,,,,,,,,,,,12806828,
116664524,116664493,0,False,residential,,135.214,,,,,,,,,,,12758381,
116664573,116664640,0,False,residential,,582.897,,,,,,,,,,,12758393,
116664573,116821430,0,False,tertiary,Delhi-Leonta Road,829.259,,,,,,,,,,,12845092,CR 14
116664573,117567989,0,False,tertiary,Delhi-Leonta Road,377.15,,,,,,,,,,,12845092,CR 14
116664640,116664573,0,False,residential,,582.897,,,,,,,,,,,12758393,
116665585,116665613,0,False,residential,,62.33,,,,,,,,,,,12758523,
116665585,116665648,0,False,residential,Sheehan Road,124.569,,,,,,,,,,,12801306,
116665585,116572575,0,False,residential,Sheehan Road,55.92,,,,,,,,,,,12801306,
116665613,116665585,0,False,residential,,62.33,,,,,,,,,,,12758523,
116665648,116665652,0,False,residential,,32.704,,,,,,,,,,,12758535,
116665648,116665784,0,False,residential,Sheehan Road,56.049,,,,,,,,,,,12801306,
116665648,116665585,0,False,residential,Sheehan Road,124.569,,,,,,,,,,,12801306,
116665652,116665648,0,False,residential,,32.704,,,,,,,,,,,12758535,
116665784,116665796,0,False,residential,,33.391,,,,,,,,,,,12758551,
116665784,116526398,0,False,residential,Sheehan Road,31.749,,,,,,,,,,,12801306,
116665784,116665648,0,False,residential,Sheehan Road,56.049,,,,,,,,,,,12801306,
116665796,116665784,0,False,residential,,33.391,,,,,,,,,,,12758551,
116669003,116669008,0,False,residential,,51.286,,,,,,,,,,,12758882,
116669003,116967432,0,False,residential,Irish Hill Road,378.92,,,,,,,,,,,12786824,
116669003,116967324,0,False,residential,Irish Hill Road,271.335,,,,,,,,,,,12786824,
116669008,116669003,0,False,residential,,51.286,,,,,,,,,,,12758882,
116669634,116933203,0,False,unclassified,Turnpike Road,34.83,,,,,,,,,,,12783323,
116669634,116669664,0,False,residential,,238.499,,,,,,,,,,,12758961,
116669634,116933042,0,False,unclassified,Turnpike Road,183.201,,,,,,,,,,,12783323,
116669664,116669634,0,False,residential,,238.499,,,,,,,,,,,12758961,
116669664,116933042,0,False,residential,Honest Brook Road,81.126,,,,,,,,,,,12853170,
116669664,116688668,0,False,residential,Honest Brook Road,136.524,,,,,,,,,,,12853170,
116677846,117155340,0,False,tertiary,Meridale-Davenport Center Road,16.124,,,,,,,,,,,12813956,CR 10
116677846,116677859,0,False,residential,,12.156,,,,,,,,,,,12759757,
116677846,117208964,0,False,tertiary,Meridale-Davenport Center Road,295.073,,,,,,,,,,,12813956,CR 10
116677859,116677846,0,False,residential,,12.156,,,,,,,,,,,12759757,
116677963,116677977,0,False,residential,,98.575,,,,,,,,,,,12759782,
116677963,117378869,0,False,residential,"['Reichert Road', 'Grimm Road']",168.698,,,,,,,,,,,"[12829963, 12852782]",
116677963,117378596,0,False,residential,Grimm Road,698.266,,,,,,,,,,,12829963,
116677977,116677963,0,False,residential,,98.575,,,,,,,,,,,12759782,
116677994,116678000,0,False,residential,,185.862,,,,,,,,,,,12759784,
116677994,116596350,0,False,residential,Jersey Road,259.062,,,,,,,,,,,12808791,
116677994,116931857,0,False,residential,Jersey Road,118.604,,,,,,,,,,,12808791,
116678000,116677994,0,False,residential,,185.862,,,,,,,,,,,12759784,
116680668,116680676,0,False,residential,,153.596,,,,,,,,,,,12760092,
116680668,117265682,0,False,residential,Waterman Road,449.887,,,,,,,,,,,12818659,
116680668,116566939,0,False,residential,Waterman Road,1915.482,,,,,,,,,,,12818659,
116680676,116680668,0,False,residential,,153.596,,,,,,,,,,,12760092,
116687206,116572575,0,False,residential,Sheehan Road,50.587,,,,,,,,,,,12801306,
116687206,117042812,0,False,residential,Sheehan Road,783.052,,,,,,,,,,,12801306,
116688057,116688066,0,False,residential,,117.785,,,,,,,,,,,12760860,
116688057,116688109,0,False,residential,Pumpkin Hollow Road,232.403,,,,,,,,,,,12795098,
116688066,116688057,0,False,residential,,117.785,,,,,,,,,,,12760860,
116688109,116688119,0,False,residential,,74.514,,,,,,,,,,,12760868,
116688109,116688057,0,False,residential,Pumpkin Hollow Road,232.403,,,,,,,,,,,12795098,
116688109,117042812,0,False,residential,Pumpkin Hollow Road,31.325,,,,,,,,,,,12795098,
116688119,116688109,0,False,residential,,74.514,,,,,,,,,,,12760868,
116688644,116688668,0,False,residential,,223.213,,,,,,,,,,,12760926,
116688668,116688644,0,False,residential,,223.213,,,,,,,,,,,12760926,
116688668,116669664,0,False,residential,Honest Brook Road,136.524,,,,,,,,,,,12853170,
116688668,117678830,0,False,residential,Honest Brook Road,2589.894,,,,,,,,,,,12853170,
116691984,117119334,0,False,residential,"['Peakes Brook Road', 'Warren Road']",323.31,,,,,,,,,,,"[12804451, 12761246]",
116691984,116693156,0,False,residential,Peakes Brook Road,2376.546,,,,,,,,,,,12761354,
116691984,116821915,0,False,residential,West Peakes Brook Road,1674.539,,,,,,,,,,,12841715,
116692931,116693136,0,False,residential,Peakes Brook Road,1382.703,,,,,,,,,,,12761354,
116692931,116821915,0,False,residential,West Peakes Brook Road,1500.366,,,,,,,,,,,12841715,
116693136,116693156,0,False,residential,Peakes Brook Road,68.347,,,,,,,,,,,12761354,
116693136,116692931,0,False,residential,Peakes Brook Road,1382.703,,,,,,,,,,,12761354,
116693136,117080465,0,False,residential,Archie Elliott Road,96.84,,,,,,,,,,,12851946,
116693156,117080465,0,False,residential,Archie Elliot Road,44.76,,,,,,,,,,,12799657,
116693156,116691984,0,False,residential,Peakes Brook Road,2376.546,,,,,,,,,,,12761354,
116693156,116693136,0,False,residential,Peakes Brook Road,68.347,,,,,,,,,,,12761354,
116702196,116702296,0,False,residential,Fancher Lane,75.035,,,,,,,,,,,12761943,
116702296,116702196,0,False,residential,Fancher Lane,75.035,,,,,,,,,,,12761943,
116702296,117121869,0,False,residential,Betty Brook Road,69.185,,,,,,,,,,,12826850,
116702296,117348590,0,False,residential,Betty Brook Road,1383.501,,,,,,,,,,,12826850,
116731303,116731653,0,False,secondary,State Highway 10,2006.926,,,,,,,,,,,12765036,NY 10
116731653,116731674,0,False,secondary,State Highway 10,57.842,,,,,,,,,,,12765036,NY 10
116731653,116731303,0,False,secondary,State Highway 10,2006.926,,,,,,,,,,,12765036,NY 10
116731653,117033213,0,False,residential,Church Street,136.477,,,,,,,,,,,12794264,
116731674,116731744,0,False,secondary,State Highway 10,92.601,,,,,,,,,,,12765036,NY 10
116731674,116731653,0,False,secondary,State Highway 10,57.842,,,,,,,,,,,12765036,NY 10
116731674,117536373,0,False,residential,Scotch Hill Road,146.407,,,,,,,,,,,12851492,
116731744,116731762,0,False,secondary,State Highway 10,51.077,,,,,,,,,,,12765036,NY 10
116731744,116731674,0,False,secondary,State Highway 10,92.601,,,,,,,,,,,12765036,NY 10
116731744,117113231,0,False,tertiary,Bloomville-West Harpersfield Road,85.69,,,,,,,,,,,12803668,CR 33
116731762,116731819,0,False,secondary,State Highway 10,183.06,,,,,,,,,,,12765036,NY 10
116731762,116731744,0,False,secondary,State Highway 10,51.077,,,,,,,,,,,12765036,NY 10
116731819,116558387,0,False,secondary,State Highway 10,71.957,,,,,,,,,,,12765036,NY 10
116731819,116731762,0,False,secondary,State Highway 10,183.06,,,,,,,,,,,12765036,NY 10
116731819,117113231,0,False,residential,Feed Store Road,306.138,,,,,,,,,,,12857821,
116732238,116733034,0,False,secondary,State Highway 10,3268.403,,,,,,,,,,,12765036,NY 10
116732238,116558387,0,False,secondary,State Highway 10,1985.673,,,,,,,,,,,12765036,NY 10
116732238,116542791,0,False,residential,Kiff Brook Road,1086.104,,,,,,,,,,,12822299,
116733034,116733368,0,False,secondary,State Highway 10,1331.156,,,,,,,,,,,12765036,NY 10
116733034,116732238,0,False,secondary,State Highway 10,3268.403,,,,,,,,,,,12765036,NY 10
116733034,116606026,0,False,residential,Shaw Road,354.129,,,,,,,,,,,12767036,
116733368,116733514,0,False,secondary,State Highway 10,616.619,,,,,,,,,,,12765036,NY 10
116733368,116733034,0,False,secondary,State Highway 10,1331.156,,,,,,,,,,,12765036,NY 10
116733368,116625987,0,False,residential,Betty Brook Road,1148.376,,,,,,,,,,,12826850,
116733514,116733647,0,False,secondary,State Highway 10,401.107,,,,,,,,,,,12765036,NY 10
116733514,116733368,0,False,secondary,State Highway 10,616.619,,,,,,,,,,,12765036,NY 10
116733514,117453798,0,False,residential,Babon Road,761.397,,,,,,,,,,,12836317,
116733647,116594566,0,False,secondary,State Highway 10,2700.703,,,,,,,,,,,12765036,NY 10
116733647,116733514,0,False,secondary,State Highway 10,401.107,,,,,,,,,,,12765036,NY 10
116734360,116734432,0,False,secondary,State Highway 10,333.573,,,,,,,yes,,,,"[571680140, 571680139, 12765036]",NY 10
116734360,116594566,0,False,secondary,State Highway 10,1190.327,,,,,,,,,,,12765036,NY 10
116734360,116630838,0,False,unclassified,Mc Murdy Hill Road,2063.389,,,,,,,,,,,12773541,
116734432,117108427,0,False,unclassified,Mc Murdy Brook Road,1546.775,,,,,,,,,,,12803094,
116734432,116734458,0,False,secondary,State Highway 10,98.439,,,,,,,,,,,571680139,NY 10
116734432,116734360,0,False,secondary,State Highway 10,333.573,,,,,,,yes,,,,"[12765036, 571680139, 571680140]",NY 10
116734458,1641345830,0,False,residential,Old SH10,235.606,,,,,,,,,,,151309182,
116734458,1641345830,1,False,secondary,State Highway 10,193.637,,,,,,,,,,,571680139,NY 10
116734458,116734432,0,False,secondary,State Highway 10,98.439,,,,,,,,,,,571680139,NY 10
116760539,116581419,0,False,residential,Davis Road,1879.803,,,,,,,,,,,12767250,
116760539,116540733,0,False,residential,Jersey Road,127.796,,,,,,,,,,,12808791,
116760539,116596350,0,False,residential,Jersey Road,1503.364,,,,,,,,,,,12808791,
116760936,117008238,0,False,residential,Ehlermann Road,12.064,,,,,,,,,,,12791414,
116760936,116581419,0,False,residential,Davis Road,392.434,,,,,,,,,,,12767250,
116760936,117008096,0,False,residential,Ehlermann Road,689.668,,,,,,,,,,,12791414,
116769198,116769345,0,False,residential,Turk Road,844.893,,,,,,,,,,,12767948,
116769345,116769198,0,False,residential,Turk Road,844.893,,,,,,,,,,,12767948,
116769345,116609038,0,False,unclassified,Turnpike Road,1084.053,,,,,,,,,,,12783726,
116769345,116936536,0,False,unclassified,Turnpike Road,523.961,,,,,,,,,,,12783726,
116801535,116802093,0,False,residential,96 Road,1741.439,,,,,,,,,,,12770612,
116801535,117153861,0,False,residential,North Road,3532.262,,,,,,,,,,,12861347,
116801535,116987538,0,False,residential,North Road,1327.786,,,,,,,,,,,12861347,
116802093,116802285,0,False,residential,96 Road,959.398,,,,,,,,,,,12770612,
116802093,116801535,0,False,residential,96 Road,1741.439,,,,,,,,,,,12770612,
116802093,116854926,0,False,residential,Stone House Road,2258.139,,,,,,,,,,,12775422,
116802285,116802333,0,False,residential,96 Road,149.612,,,,,,,,,,,12770612,
116802285,116802093,0,False,residential,96 Road,959.398,,,,,,,,,,,12770612,
116802285,116957611,0,False,residential,Frisbee Road,1019.543,,,,,,,,,,,12785672,
116802333,116802285,0,False,residential,96 Road,149.612,,,,,,,,,,,12770612,
116802333,116627175,0,False,residential,Stone Fort Road,1159.917,,,,,,,,,,,12773634,
116821430,116821653,0,False,residential,Sutherland Road,1306.467,,,,,,,,,,,12772174,
116821430,117080744,0,False,tertiary,Delhi-Leonta Road,2618.97,,,,,,,,,,,12845092,CR 14
116821430,116664573,0,False,tertiary,Delhi-Leonta Road,829.259,,,,,,,,,,,12845092,CR 14
116821653,116821430,0,False,residential,Sutherland Road,1306.467,,,,,,,,,,,12772174,
116821653,116934940,0,False,unclassified,Turnpike Road,2249.222,,,,,,,,,,,12783469,
116821653,116934329,0,False,unclassified,Turnpike Road,267.646,,,,,,,,,,,12783469,
116821915,116691984,0,False,residential,West Peakes Brook Road,1674.539,,,,,,,,,,,12841715,
116821915,116692931,0,False,residential,West Peakes Brook Road,1500.366,,,,,,,,,,,12841715,
116829755,116830215,0,False,residential,Swantack Road,2986.861,,,,,,,,,,,12772926,
116829755,117348590,0,False,residential,Betty Brook Road,1182.953,,,,,,,,,,,12826850,
116829755,117348211,0,False,residential,Betty Brook Road,1339.631,,,,,,,,,,,12826850,
116830215,116830483,0,False,residential,Swantack Road,1302.031,,,,,,,,,,,12772926,
116830215,116829755,0,False,residential,Swantack Road,2986.861,,,,,,,,,,,12772926,
116830215,116617592,0,False,residential,Scott Road,289.115,,,,,,,,,,,12836406,
116830483,116830215,0,False,residential,Swantack Road,1302.031,,,,,,,,,,,12772926,
116830483,117112315,0,False,residential,Braehead Road,1835.584,,,,,,,,,,,12840473,
116830483,117110960,0,False,residential,Brownell Road,3571.95,,,,,,,,,,,12865082,
116832779,117344167,0,False,secondary,State Highway 23,607.178,2,,,,,,,,,,405698844,NY 23
116832779,116837707,0,False,secondary,State Highway 23,265.159,2,,,,,,,,,,405698844,NY 23
116833277,116833669,0,False,unclassified,Kelso Road,1851.973,,,,,,,,,,,12773324,
116833277,116936536,0,False,unclassified,Turnpike Road,1060.755,,,,,,,,,,,12783726,
116833277,116834710,0,False,unclassified,Turnpike Road,1414.335,,,,,,,,,,,12783726,
116833669,116834101,0,False,unclassified,Kelso Road,1896.203,,,,,,,,,,,12773324,
116833669,116833277,0,False,unclassified,Kelso Road,1851.973,,,,,,,,,,,12773324,
116833669,117244150,0,False,residential,Mc Kee Hill Road,2074.945,,,,,,,,,,,12840209,
116834101,116834252,0,False,unclassified,Kelso Road,664.946,,,,,,,,,,,12773324,
116834101,116833669,0,False,unclassified,Kelso Road,1896.203,,,,,,,,,,,12773324,
116834101,116834710,0,False,unclassified,West Kortright Church Road,2741.479,,,,,,,,,,,12773413,
116834252,116834101,0,False,unclassified,Kelso Road,664.946,,,,,,,,,,,12773324,
116834252,117139786,0,False,unclassified,Elk Creek Road,530.985,,,,,,,,,,,12806828,
116834252,116653097,0,False,unclassified,Elk Creek Road,1766.318,,,,,,,,,,,12806828,
116834710,116834101,0,False,unclassified,West Kortright Church Road,2741.479,,,,,,,,,,,12773413,
116834710,116833277,0,False,unclassified,Turnpike Road,1414.335,,,,,,,,,,,12783726,
116834710,116936022,0,False,unclassified,Turnpike Road,103.45,,,,,,,,,,,12783726,
116837295,116837707,0,False,residential,Stone Fort Road,1395.232,,,,,,,,,,,"[12773665, 12773634]",
116837295,116627175,0,False,residential,Stone Fort Road,505.749,,,,,,,,,,,12773634,
116837295,116523206,0,False,residential,Star Road,1289.705,,,,,,,,,,,12868327,
116837707,116837295,0,False,residential,Stone Fort Road,1395.232,,,,,,,,,,,"[12773665, 12773634]",
116837707,116832779,0,False,secondary,State Highway 23,265.159,2,,,,,,,,,,405698844,NY 23
116837707,117109960,0,False,secondary,State Highway 23,742.584,2,,,,,,,,,,405698844,NY 23
116841322,117263182,0,False,residential,Coe Hill Road,1973.644,,,,,,,,,,,12818610,
116854926,116802093,0,False,residential,Stone House Road,2258.139,,,,,,,,,,,12775422,
116854926,116987924,0,False,tertiary,Doonans Corners-E Meredith Road,514.865,,,,,,,,,,,12789519,CR 12
116854926,116937585,0,False,tertiary,Doonans Corners-E Meredith Road,719.088,,,,,,,,,,,12789519,CR 12
116857760,4078746411,0,False,residential,Lake Shore Drive,762.565,,,,,,,,,,,12775707,
116857760,117112874,0,False,residential,Betty Brook Road,2520.561,,,,,,,,,,,12826850,
116857760,117121869,0,False,residential,Betty Brook Road,1614.219,,,,,,,,,,,12826850,
116889983,116890217,0,False,tertiary,Sturges Corners-Schoharie County Line Road,102.286,,,,,,,,,,,12779541,CR 29
116889983,117109960,0,False,secondary,State Highway 23,771.216,2,,,,,,,,,,405698844,NY 23
116889983,117863989,0,False,secondary,State Highway 23,399.401,2,,,,,,,,,,405698844,NY 23
116890217,116890285,0,False,tertiary,Sturges Corners-Schoharie County Line Road,300.232,,,,,,,,,,,12779541,CR 29
116890217,116889983,0,False,tertiary,Sturges Corners-Schoharie County Line Road,102.286,,,,,,,,,,,12779541,CR 29
116890217,117089729,0,False,residential,Russel Lane,136.185,,,,,,,,,,,12800656,
116890285,116890349,0,False,tertiary,Sturges Corners-Schoharie County Line Road,83.481,,,,,,,,,,,12779541,CR 29
116890285,116890217,0,False,tertiary,Sturges Corners-Schoharie County Line Road,300.232,,,,,,,,,,,12779541,CR 29
116890285,116912600,0,False,residential,Underpass Road,46.902,,,,,,,,,,,12832856,
116890349,116890285,0,False,tertiary,Sturges Corners-Schoharie County Line Road,83.481,,,,,,,,,,,12779541,CR 29
116890349,116912600,0,False,residential,Underpass Rd Spur,53.84,,,,,,,,,,,12781449,
116897448,117737792,0,False,residential,Pine Road,480.318,,,,,,,,,,,12855937,
116898704,116899046,0,False,residential,Miller Hill Road,1080.688,,,,,,,,,,,12780127,
116898704,116931733,0,False,unclassified,Turnpike Road,206.608,,,,,,,,,,,12783323,
116898704,116596549,0,False,unclassified,Turnpike Road,505.905,,,,,,,,,,,12783323,
116899046,116898704,0,False,residential,Miller Hill Road,1080.688,,,,,,,,,,,12780127,
116899046,116930700,0,False,unclassified,Elk Creek Road,1065.66,,,,,,,,,,,12806828,
116899046,116966939,0,False,unclassified,Elk Creek Road,2856.452,,,,,,,,,,,12806828,
116912600,116890349,0,False,residential,Underpass Rd Spur,53.84,,,,,,,,,,,12781449,
116912600,116890285,0,False,residential,Underpass Road,46.902,,,,,,,,,,,12832856,
116912600,117153794,0,False,residential,Underpass Road,1652.341,,,,,,,,,,,12832856,
116930700,116596785,0,False,unclassified,Turnpike Road,244.261,,,,,,,,,,,12783323,
116930700,117008096,0,False,unclassified,Elk Creek Road,261.579,,,,,,,,,,,12806828,
116930700,116899046,0,False,unclassified,Elk Creek Road,1065.66,,,,,,,,,,,12806828,
116931733,116931857,0,False,unclassified,Turnpike Road,435.521,,,,,,,,,,,12783323,
116931733,116898704,0,False,unclassified,Turnpike Road,206.608,,,,,,,,,,,12783323,
116931733,117138296,0,False,residential,Monroe Road,4086.036,,,,,,,,,,,12822357,
116931857,116931934,0,False,unclassified,Turnpike Road,382.745,,,,,,,,,,,12783323,
116931857,116931733,0,False,unclassified,Turnpike Road,435.521,,,,,,,,,,,12783323,
116931857,116677994,0,False,residential,Jersey Road,118.604,,,,,,,,,,,12808791,
116931934,3346126852,0,False,unclassified,Turnpike Road,1252.962,,,,,,,,,,,12783323,
116931934,116931857,0,False,unclassified,Turnpike Road,382.745,,,,,,,,,,,12783323,
116933042,116643958,0,False,unclassified,Turnpike Road,17.644,,,,,,,,,,,12783323,
116933042,116669634,0,False,unclassified,Turnpike Road,183.201,,,,,,,,,,,12783323,
116933042,116669664,0,False,residential,Honest Brook Road,81.126,,,,,,,,,,,12853170,
116933203,116669634,0,False,unclassified,Turnpike Road,34.83,,,,,,,,,,,12783323,
116933203,116933548,0,False,unclassified,Turnpike Road,357.598,,,,,,,,,,,12783323,
116933203,117537103,0,False,residential,Saw Mill Road,185.297,,,,,,,,,,,12842555,
116933548,116933603,0,False,secondary,State Highway 28,5.653,,,,,,,,,,,12864313,NY 28
116933548,116933203,0,False,unclassified,Turnpike Road,357.598,,,,,,,,,,,12783323,
116933548,116574421,0,False,secondary,State Highway 28,873.754,,,,,,,,,,,12864313,NY 28
116933603,116933548,0,False,secondary,State Highway 28,5.653,,,,,,,,,,,12864313,NY 28
116933603,116613251,0,False,unclassified,Turnpike Road,2438.541,,,,,,,,,,,12783469,
116933603,117314466,0,False,secondary,State Highway 28,591.215,,,,,,,,,,,12864313,NY 28
116934174,116934329,0,False,unclassified,Turnpike Road,447.834,,,,,,,,,,,12783469,
116934174,116613251,0,False,unclassified,Turnpike Road,63.295,,,,,,,,,,,12783469,
116934174,116613255,0,False,residential,Lewis Road,60.232,,,,,,,,,,,12826164,
116934329,116821653,0,False,unclassified,Turnpike Road,267.646,,,,,,,,,,,12783469,
116934329,116934174,0,False,unclassified,Turnpike Road,447.834,,,,,,,,,,,12783469,
116934329,116942571,0,False,residential,Bachler Road,325.438,,,,,,,,,,,12784247,
116934940,116935053,0,False,unclassified,Turnpike Road,735.254,,,,,,,,,,,12783469,
116934940,116821653,0,False,unclassified,Turnpike Road,2249.222,,,,,,,,,,,12783469,
116934940,116587000,0,False,residential,Smith Hill Road,2536.705,,,,,,,,,,,12807695,
116935053,116934940,0,False,unclassified,Turnpike Road,735.254,,,,,,,,,,,12783469,
116935053,117567989,0,False,tertiary,Delhi-Leonta Road,1885.886,,,,,,,,,,,12845092,CR 14
116935053,116510772,0,False,tertiary,Delhi-Leonta Road,636.903,,,,,,,,,,,12845092,CR 14
116935104,116936022,0,False,unclassified,Turnpike Road,1899.095,,,,,,,,,,,12783726,
116935104,116653097,0,False,unclassified,Elk Creek Road,815.865,,,,,,,,,,,12806828,
116935104,117139204,0,False,unclassified,Elk Creek Road,56.03,,,,,,,,,,,12806828,
116936022,116834710,0,False,unclassified,Turnpike Road,103.45,,,,,,,,,,,12783726,
116936022,116935104,0,False,unclassified,Turnpike Road,1899.095,,,,,,,,,,,12783726,
116936022,116967595,0,False,residential,Irish Hill Road,87.052,,,,,,,,,,,12786824,
116936536,116769345,0,False,unclassified,Turnpike Road,523.961,,,,,,,,,,,12783726,
116936536,116833277,0,False,unclassified,Turnpike Road,1060.755,,,,,,,,,,,12783726,
116936536,117110552,0,False,residential,Roberts Road,7034.938,,,,,,,,,,,12864859,
116937585,116609038,0,False,unclassified,Turnpike Road,1123.21,,,,,,,,,,,12783726,
116937585,116854926,0,False,tertiary,Doonans Corners-E Meredith Road,719.088,,,,,,,,,,,12789519,CR 12
116937585,116987538,0,False,tertiary,Doonans Corners-E Meredith Road,112.445,,,,,,,,,,,12789519,CR 12
116939849,116939991,0,False,residential,Achy Acres Road,80.716,,,,,,,,,,,12783976,
116939991,116939849,0,False,residential,Achy Acres Road,80.716,,,,,,,,,,,12783976,
116939991,117348211,0,False,residential,Betty Brook Road,254.246,,,,,,,,,,,12826850,
116939991,117348154,0,False,residential,Betty Brook Road,305.183,,,,,,,,,,,12826850,
116942571,116934329,0,False,residential,Bachler Road,325.438,,,,,,,,,,,12784247,
116957421,116957611,0,False,residential,Frisbee Road,1687.873,,,,,,,,,,,12785672,
116957421,116988587,0,False,tertiary,Doonans Corners-E Meredith Road,728.996,,,,,,,,,,,12789519,CR 12
116957421,116987924,0,False,tertiary,Doonans Corners-E Meredith Road,1766.468,,,,,,,,,,,12789519,CR 12
116957611,116802285,0,False,residential,Frisbee Road,1019.543,,,,,,,,,,,12785672,
116957611,116957421,0,False,residential,Frisbee Road,1687.873,,,,,,,,,,,12785672,
116957611,117278180,0,False,residential,McLean Road,446.965,,,,,,,,,,,12819953,
116958293,116967324,0,False,residential,Irish Hill Road,2.231,,,,,,,,,,,12786824,
116958293,116578464,0,False,residential,Bloomville Hill Road,2609.646,,,,,,,,,,,12785721,
116958293,116966939,0,False,residential,Irish Hill Road,2452.329,,,,,,,,,,,12786824,
116962359,116962608,0,False,residential,Warner Hill Road,467.836,2,,,,,,yes,,,,"[337902993, 337902988, 12786326]",
116962359,116510772,0,False,tertiary,Delhi-Leonta Road,462.975,,,,,,,,,,,12845092,CR 14
116962359,117119791,0,False,tertiary,Delhi-Leonta Road,276.203,,,,,,,,,,,12845092,CR 14
116962608,117724086,0,False,residential,East Jackson Hill Road,2693.177,,,,,,,,,,,12855367,
116962608,116962943,0,False,residential,Warner Hill Road,1179.635,2,,,,,,,,,,337902988,
116962608,116962359,0,False,residential,Warner Hill Road,467.836,2,,,,,,yes,,,,"[337902993, 337902988, 12786326]",
116962943,117461556,0,False,residential,Meyerdierks Road,796.959,,,,,,,,,,,12836795,
116962943,116963732,0,False,residential,Warner Hill Road,2698.764,2,,,,,,,,,,337902988,
116962943,116962608,0,False,residential,Warner Hill Road,1179.635,2,,,,,,,,,,337902988,
116963732,117303565,0,False,residential,"['Oleout Creek Road', 'Ouleout Creek Road']",384.63,,,,,,,,,,,"[12822649, 12851943]",
116963732,116963813,0,False,residential,Warner Hill Road,165.501,2,,,,,,,,,,337902988,
116963732,116962943,0,False,residential,Warner Hill Road,2698.764,2,,,,,,,,,,337902988,
116963813,117877755,0,False,secondary,State Highway 28,314.071,,,,,,,,,,,12864126,NY 28
116963813,117146916,0,False,secondary,State Highway 28,1913.707,,,,,,,,,,,12864126,NY 28
116963813,116963732,0,False,residential,Warner Hill Road,165.501,2,,,,,,,,,,337902988,
116966939,116958293,0,False,residential,Irish Hill Road,2452.329,,,,,,,,,,,12786824,
116966939,116899046,0,False,unclassified,Elk Creek Road,2856.452,,,,,,,,,,,12806828,
116966939,116623857,0,False,unclassified,Elk Creek Road,168.488,,,,,,,,,,,12806828,
116967324,116958293,0,False,residential,Irish Hill Road,2.231,,,,,,,,,,,12786824,
116967324,116669003,0,False,residential,Irish Hill Road,271.335,,,,,,,,,,,12786824,
116967324,117902652,0,False,residential,"['Sal Bren Road', 'Pine Hollow Road']",894.273,,,,,,,,,,,"[12865877, 12797103]",
116967432,116543343,0,False,residential,Irish Hill Road,639.221,,,,,,,,,,,12786824,
116967432,116669003,0,False,residential,Irish Hill Road,378.92,,,,,,,,,,,12786824,
116967432,117870596,0,False,residential,Kytan Road,597.814,,,,,,,,,,,12863594,
116967595,116936022,0,False,residential,Irish Hill Road,87.052,,,,,,,,,,,12786824,
116967595,116543343,0,False,residential,Irish Hill Road,677.487,,,,,,,,,,,12786824,
116967595,117448001,0,False,residential,Hanford Road,2128.865,,,,,,,,,,,12836066,
116968904,116969741,0,False,residential,Gregory Hill Road,1719.063,,,,,,,,,,,12787051,
116968904,117113231,0,False,tertiary,Bloomville-West Harpersfield Road,415.431,,,,,,,,,,,12803668,CR 33
116968904,117110399,0,False,tertiary,Bloomville-West Harpersfield Road,1206.844,,,,,,,,,,,12874604,CR 33
116969741,116968904,0,False,residential,Gregory Hill Road,1719.063,,,,,,,,,,,12787051,
116981536,116628914,0,False,residential,Palmer Hill Road,1910.294,,,,,,,,,,,12811968,
116981536,116994219,0,False,residential,Houghtaling Hollow Road,1092.155,,,,,,,,,,,12872183,
116987538,117055886,0,False,residential,County Road 12,5.255,,,,,,,,,,,12796208,
116987538,116937585,0,False,tertiary,Doonans Corners-E Meredith Road,112.445,,,,,,,,,,,12789519,CR 12
116987538,116801535,0,False,residential,North Road,1327.786,,,,,,,,,,,12861347,
116987924,116957421,0,False,tertiary,Doonans Corners-E Meredith Road,1766.468,,,,,,,,,,,12789519,CR 12
116987924,116854926,0,False,tertiary,Doonans Corners-E Meredith Road,514.865,,,,,,,,,,,12789519,CR 12
116987924,117514819,0,False,residential,Maison Road,729.205,,,,,,,,,,,12840838,
116988587,116988600,0,False,tertiary,Doonans Corners-E Meredith Road,107.387,,,,,,,,,,,12789519,CR 12
116988587,116957421,0,False,tertiary,Doonans Corners-E Meredith Road,728.996,,,,,,,,,,,12789519,CR 12
116988587,117244150,0,False,residential,Mc Kee Hill Road Spur,81.652,,,,,,,,,,,12816930,
116988600,116988645,0,False,tertiary,Doonans Corners-E Meredith Road,103.508,,,,,,,,,,,12789519,CR 12
116988600,116988587,0,False,tertiary,Doonans Corners-E Meredith Road,107.387,,,,,,,,,,,12789519,CR 12
116988600,117244150,0,False,residential,Mc Kee Hill Road,58.905,,,,,,,,,,,12840209,
116988645,116988600,0,False,tertiary,Doonans Corners-E Meredith Road,103.508,,,,,,,,,,,12789519,CR 12
116990342,117139786,0,False,tertiary,Meridale-Davenport Center Road,40.944,,,,,,,,,,,12813956,CR 10
116990342,116564519,0,False,tertiary,Doonans Corners-E Meredith Road,635.375,,,,,,,,,,,12789519,CR 12
116994219,116981536,0,False,residential,Houghtaling Hollow Road,1092.155,,,,,,,,,,,12872183,
116994219,117877755,0,False,residential,Houghtaling Hollow Road,2398.104,,,,,,,,,,,12872183,
116998106,116662979,0,False,residential,Dickmann Road,110.393,,,,,,,,,,,12850908,
116998106,116998183,0,False,residential,Avery Road,289.523,,,,,,,,,,,12790327,
116998106,117208804,0,False,residential,Dickmann Road,277.621,,,,,,,,,,,12850908,
116998183,116998106,0,False,residential,Avery Road,289.523,,,,,,,,,,,12790327,
116998183,117155340,0,False,tertiary,Meridale-Davenport Center Road,908.766,,,,,,,,,,,12813956,CR 10
116998183,117208804,0,False,tertiary,Meridale-Davenport Center Road,387.139,,,,,,,,,,,12813956,CR 10
117004910,116649180,0,False,residential,View Road,488.275,,,,,,,,,,,12791063,
117008096,116760936,0,False,residential,Ehlermann Road,689.668,,,,,,,,,,,12791414,
117008096,117139204,0,False,unclassified,Elk Creek Road,1217.129,,,,,,,,,,,12806828,
117008096,116930700,0,False,unclassified,Elk Creek Road,261.579,,,,,,,,,,,12806828,
117008238,116760936,0,False,residential,Ehlermann Road,12.064,,,,,,,,,,,12791414,
117008238,117008271,0,False,residential,Ehlermann Road,195.964,,,,,,,,,,,12791414,
117008238,117080808,0,False,residential,Ehlermann Hill Road,176.941,,,,,,,,,,,12799665,
117008271,117008238,0,False,residential,Ehlermann Road,195.964,,,,,,,,,,,12791414,
117033213,117033334,0,False,residential,Church Street,213.881,,,,,,,,,,,12794264,
117033213,116731653,0,False,residential,Church Street,136.477,,,,,,,,,,,12794264,
117033213,117536373,0,False,residential,Cross Street,82.397,,,,,,,,,,,12842501,
117033334,117033213,0,False,residential,Church Street,213.881,,,,,,,,,,,12794264,
117042812,116688109,0,False,residential,Pumpkin Hollow Road,31.325,,,,,,,,,,,12795098,
117042812,116687206,0,False,residential,Sheehan Road,783.052,,,,,,,,,,,12801306,
117042812,117094904,0,False,residential,Sheehan Road,251.107,,,,,,,,,,,12801306,
117055886,116987538,0,False,residential,County Road 12,5.255,,,,,,,,,,,12796208,
117055886,117112315,0,False,tertiary,Bloomville-West Harpersfield Road,1631.829,,,,,,,,,,,12874604,CR 33
117055886,116591774,0,False,tertiary,Bloomville-West Harpersfield Road,2030.923,,,,,,,,,,,12874604,CR 33
117080465,116693156,0,False,residential,Archie Elliot Road,44.76,,,,,,,,,,,12799657,
117080465,117080526,0,False,residential,Archie Elliot Road,630.003,,,,,,,,,,,12799657,
117080465,116693136,0,False,residential,Archie Elliott Road,96.84,,,,,,,,,,,12851946,
117080526,117080744,0,False,residential,Archie Elliot Road,1153.738,,,,,,,,,,,12799657,
117080526,117080465,0,False,residential,Archie Elliot Road,630.003,,,,,,,,,,,12799657,
117080526,117332724,0,False,residential,Decard Road,387.331,,,,,,,,,,,12825161,
117080744,117080526,0,False,residential,Archie Elliot Road,1153.738,,,,,,,,,,,12799657,
117080744,117314096,0,False,tertiary,Delhi-Leonta Road,103.831,,,,,,,,,,,12845092,CR 14
117080744,116821430,0,False,tertiary,Delhi-Leonta Road,2618.97,,,,,,,,,,,12845092,CR 14
117080808,117008238,0,False,residential,Ehlermann Hill Road,176.941,,,,,,,,,,,12799665,
117083254,117083345,0,False,residential,Leslie Lane,342.328,,,,,,,,,,,"[12800016, 12800004]",
117083345,117083473,0,False,residential,Leslie Lane,332.125,,,,,,,,,,,"[12800016, 12800036]",
117083345,117083473,1,False,residential,Leslie Lane,247.463,,,,,,,,,,,12800070,
117083345,117083254,0,False,residential,Leslie Lane,342.328,,,,,,,,,,,"[12800016, 12800004]",
117083473,117083628,0,False,residential,Leslie Lane,406.738,,,,,,,,,,,12800036,
117083473,117083345,0,False,residential,Leslie Lane,332.125,,,,,,,,,,,"[12800016, 12800036]",
117083473,117083345,1,False,residential,Leslie Lane,247.463,,,,,,,,,,,12800070,
117083628,117083473,0,False,residential,Leslie Lane,406.738,,,,,,,,,,,12800036,
117083628,117580922,0,False,secondary,State Highway 28,401.17,,,,,,,,,,,12864313,NY 28
117083628,117580984,0,False,secondary,State Highway 28,215.625,,,,,,,,,,,12864313,NY 28
117089729,116890217,0,False,residential,Russel Lane,136.185,,,,,,,,,,,12800656,
117094860,117094904,0,False,residential,Sheehan Road,251.859,,,,,,,,,,,12801306,
117094860,116568280,0,False,tertiary,Meridale-Davenport Center Road,19.103,,,,,,,,,,,12813956,CR 10
117094860,116526656,0,False,tertiary,Meridale-Davenport Center Road,470.865,,,,,,,,,,,12813956,CR 10
117094904,117042812,0,False,residential,Sheehan Road,251.107,,,,,,,,,,,12801306,
117094904,117094860,0,False,residential,Sheehan Road,251.859,,,,,,,,,,,12801306,
117094904,117545058,0,False,residential,Roe Road,209.959,,,,,,,,,,,12843214,
117095207,116526398,0,False,residential,Sheehan Road,338.945,,,,,,,,,,,12801306,
117095207,117139786,0,False,tertiary,Meridale-Davenport Center Road,455.976,,,,,,,,,,,12813956,CR 10
117095207,116612909,0,False,tertiary,Meridale-Davenport Center Road,408.482,,,,,,,,,,,12813956,CR 10
117108427,117108561,0,False,unclassified,Mc Murdy Brook Road,662.279,,,,,,,,,,,12803094,
117108427,116734432,0,False,unclassified,Mc Murdy Brook Road,1546.775,,,,,,,,,,,12803094,
117108427,117278047,0,False,residential,Muratore Road,264.822,,,,,,,,,,,12819892,
117108561,117108831,0,False,unclassified,Mc Murdy Brook Road,1725.177,,,,,,,,,,,12803094,
117108561,117108427,0,False,unclassified,Mc Murdy Brook Road,662.279,,,,,,,,,,,12803094,
117108561,4219997358,0,False,residential,,996.452,,,,,,,,,,,422261687,
117108831,117108561,0,False,unclassified,Mc Murdy Brook Road,1725.177,,,,,,,,,,,12803094,
117108831,117526912,0,False,residential,Hobart Hill Road,1258.978,,,,,,,,,,,12854778,
117108831,116610889,0,False,residential,Hobart Hill Road,1106.783,,,,,,,,,,,12854778,
117109960,117110172,0,False,residential,Bassani Road,610.684,,,,,,,,,,,12803249,
117109960,116837707,0,False,secondary,State Highway 23,742.584,2,,,,,,,,,,405698844,NY 23
117109960,116889983,0,False,secondary,State Highway 23,771.216,2,,,,,,,,,,405698844,NY 23
117110172,117109960,0,False,residential,Bassani Road,610.684,,,,,,,,,,,12803249,
117110399,117417066,0,False,residential,Crowe Road,4149.61,,,,,,,,,,,12834102,
117110399,117110552,0,False,tertiary,Bloomville-West Harpersfield Road,1047.782,,,,,,,,,,,12874604,CR 33
117110399,116968904,0,False,tertiary,Bloomville-West Harpersfield Road,1206.844,,,,,,,,,,,12874604,CR 33
117110552,116936536,0,False,residential,Roberts Road,7034.938,,,,,,,,,,,12864859,
117110552,117110759,0,False,tertiary,Bloomville-West Harpersfield Road,1588.508,,,,,,,,,,,12874604,CR 33
117110552,117110399,0,False,tertiary,Bloomville-West Harpersfield Road,1047.782,,,,,,,,,,,12874604,CR 33
117110759,117300213,0,False,residential,Mc Arthur Hill Road,1089.485,,,,,,,,,,,12835087,
117110759,116617465,0,False,tertiary,Bloomville-West Harpersfield Road,795.821,,,,,,,,,,,12874604,CR 33
117110759,117110552,0,False,tertiary,Bloomville-West Harpersfield Road,1588.508,,,,,,,,,,,12874604,CR 33
117110960,116830483,0,False,residential,Brownell Road,3571.95,,,,,,,,,,,12865082,
117110960,116591774,0,False,tertiary,Bloomville-West Harpersfield Road,2395.732,,,,,,,,,,,12874604,CR 33
117110960,116617465,0,False,tertiary,Bloomville-West Harpersfield Road,553.347,,,,,,,,,,,12874604,CR 33
117112315,116830483,0,False,residential,Braehead Road,1835.584,,,,,,,,,,,12840473,
117112315,117112507,0,False,tertiary,Bloomville-West Harpersfield Road,948.917,,,,,,,,,,,12874604,CR 33
117112315,117055886,0,False,tertiary,Bloomville-West Harpersfield Road,1631.829,,,,,,,,,,,12874604,CR 33
117112507,117374312,0,False,residential,Zych Road,1175.352,,,,,,,,,,,12829567,
117112507,117112874,0,False,tertiary,Bloomville-West Harpersfield Road,3188.101,,,,,,,,,,,12874604,CR 33
117112507,117112315,0,False,tertiary,Bloomville-West Harpersfield Road,948.917,,,,,,,,,,,12874604,CR 33
117112874,116857760,0,False,residential,Betty Brook Road,2520.561,,,,,,,,,,,12826850,
117112874,117112507,0,False,tertiary,Bloomville-West Harpersfield Road,3188.101,,,,,,,,,,,12874604,CR 33
117113231,116968904,0,False,tertiary,Bloomville-West Harpersfield Road,415.431,,,,,,,,,,,12803668,CR 33
117113231,116731744,0,False,tertiary,Bloomville-West Harpersfield Road,85.69,,,,,,,,,,,12803668,CR 33
117113231,116731819,0,False,residential,Feed Store Road,306.138,,,,,,,,,,,12857821,
117119334,117119791,0,False,residential,Warren Road,3260.69,,,,,,,,,,,12804451,
117119334,116691984,0,False,residential,"['Peakes Brook Road', 'Warren Road']",323.31,,,,,,,,,,,"[12804451, 12761246]",
117119334,117527202,0,False,residential,Reed Road,838.107,,,,,,,,,,,12841668,
117119791,117119334,0,False,residential,Warren Road,3260.69,,,,,,,,,,,12804451,
117119791,116962359,0,False,tertiary,Delhi-Leonta Road,276.203,,,,,,,,,,,12845092,CR 14
117121869,117121996,0,False,residential,Doroski Road,398.581,,,,,,,,,,,12804833,
117121869,116857760,0,False,residential,Betty Brook Road,1614.219,,,,,,,,,,,12826850,
117121869,116702296,0,False,residential,Betty Brook Road,69.185,,,,,,,,,,,12826850,
117121996,117122298,0,False,residential,Doroski Road,709.098,,,,,,,,,,,12804833,
117121996,117121869,0,False,residential,Doroski Road,398.581,,,,,,,,,,,12804833,
117121996,4078744477,0,False,residential,,263.441,,,,,,,,,,,405722192,
117122298,117121996,0,False,residential,Doroski Road,709.098,,,,,,,,,,,12804833,
117138296,116664493,0,False,unclassified,Elk Creek Road,1324.64,,,,,,,,,,,12806828,
117138296,116931733,0,False,residential,Monroe Road,4086.036,,,,,,,,,,,12822357,
117139204,116935104,0,False,unclassified,Elk Creek Road,56.03,,,,,,,,,,,12806828,
117139204,117008096,0,False,unclassified,Elk Creek Road,1217.129,,,,,,,,,,,12806828,
117139204,116529426,0,False,residential,Kathmann Road,500.582,,,,,,,,,,,12835570,
117139786,116990342,0,False,tertiary,Meridale-Davenport Center Road,40.944,,,,,,,,,,,12813956,CR 10
117139786,116834252,0,False,unclassified,Elk Creek Road,530.985,,,,,,,,,,,12806828,
117139786,117095207,0,False,tertiary,Meridale-Davenport Center Road,455.976,,,,,,,,,,,12813956,CR 10
117146916,116587000,0,False,residential,Smith Hill Road,991.767,,,,,,,,,,,12807695,
117146916,116963813,0,False,secondary,State Highway 28,1913.707,,,,,,,,,,,12864126,NY 28
117146916,117183762,0,False,secondary,State Highway 28,877.827,,,,,,,,,,,12864126,NY 28
117153794,117153861,0,False,residential,North Spur Road,45.654,,,,,,,,,,,12808564,
117153794,117401959,0,False,residential,Underpass Road,57.2,,,,,,,,,,,12832793,
117153794,116912600,0,False,residential,Underpass Road,1652.341,,,,,,,,,,,12832856,
117153794,117401924,0,False,residential,Underpass Road,99.903,,,,,,,,,,,12832856,
117153861,117153794,0,False,residential,North Spur Road,45.654,,,,,,,,,,,12808564,
117153861,117401959,0,False,residential,North Road,29.44,,,,,,,,,,,12861347,
117153861,116801535,0,False,residential,North Road,3532.262,,,,,,,,,,,12861347,
117155340,116677846,0,False,tertiary,Meridale-Davenport Center Road,16.124,,,,,,,,,,,12813956,CR 10
117155340,116540733,0,False,residential,Jersey Road,1021.688,,,,,,,,,,,12808791,
117155340,116998183,0,False,tertiary,Meridale-Davenport Center Road,908.766,,,,,,,,,,,12813956,CR 10
117183762,116628914,0,False,residential,Palmer Hill Road,1231.591,,,,,,,,,,,12811968,
117183762,117146916,0,False,secondary,State Highway 28,877.827,,,,,,,,,,,12864126,NY 28
117183762,117877083,0,False,secondary,State Highway 28,1136.713,,,,,,,,,,,12864126,NY 28
117208620,117208628,0,False,tertiary,Meridale-Davenport Center Road,20.615,,,,,,,,,,,12813956,CR 10
117208620,117877083,0,False,tertiary,Meridale-Davenport Center Road,1004.598,,,,,,,,,,,12813956,CR 10
117208620,117500072,0,False,residential,Shaver Hill Road,1775.756,,,,,,,,,,,12839826,
117208628,117208620,0,False,tertiary,Meridale-Davenport Center Road,20.615,,,,,,,,,,,12813956,CR 10
117208628,117208668,0,False,tertiary,Meridale-Davenport Center Road,275.613,,,,,,,,,,,12813956,CR 10
117208628,117501470,0,False,residential,Shaver Hill Road,150.06,,,,,,,,,,,12839903,
117208668,117208681,0,False,tertiary,Meridale-Davenport Center Road,231.208,,,,,,,,,,,12813956,CR 10
117208668,117208628,0,False,tertiary,Meridale-Davenport Center Road,275.613,,,,,,,,,,,12813956,CR 10
117208668,117337916,0,False,residential,Grimm Road,62.594,,,,,,,,,,,12829963,
117208681,117208804,0,False,tertiary,Meridale-Davenport Center Road,1618.05,,,,,,,,,,,12813956,CR 10
117208681,117208668,0,False,tertiary,Meridale-Davenport Center Road,231.208,,,,,,,,,,,12813956,CR 10
117208681,117337916,0,False,residential,Grimm Road Spur,201.836,,,,,,,,,,,12825635,
117208804,116998183,0,False,tertiary,Meridale-Davenport Center Road,387.139,,,,,,,,,,,12813956,CR 10
117208804,117208681,0,False,tertiary,Meridale-Davenport Center Road,1618.05,,,,,,,,,,,12813956,CR 10
117208804,116998106,0,False,residential,Dickmann Road,277.621,,,,,,,,,,,12850908,
117208964,116526439,0,False,tertiary,Meridale-Davenport Center Road,1242.579,,,,,,,,,,,12813956,CR 10
117208964,116677846,0,False,tertiary,Meridale-Davenport Center Road,295.073,,,,,,,,,,,12813956,CR 10
117244150,116988587,0,False,residential,Mc Kee Hill Road Spur,81.652,,,,,,,,,,,12816930,
117244150,116988600,0,False,residential,Mc Kee Hill Road,58.905,,,,,,,,,,,12840209,
117244150,116833669,0,False,residential,Mc Kee Hill Road,2074.945,,,,,,,,,,,12840209,
117247005,117247046,0,False,residential,Dunbar Road,127.104,,,,,,,,,,,12817168,
117247005,117314096,0,False,tertiary,Delhi-Leonta Road,1924.161,,,,,,,,,,,12845092,CR 14
117247046,117247127,0,False,residential,Dunbar Road,157.525,,,,,,,,,,,12817168,
117247046,117247005,0,False,residential,Dunbar Road,127.104,,,,,,,,,,,12817168,
117247046,116566975,0,False,residential,Waterman Road,215.001,,,,,,,,,,,12818659,
117247127,117247046,0,False,residential,Dunbar Road,157.525,,,,,,,,,,,12817168,
117259697,116644127,0,False,residential,Spring Valley Road,1205.42,,,,,,,,,,,12818218,
117259697,117265682,0,False,residential,Waterman Road,602.137,,,,,,,,,,,12818659,
117259898,116644127,0,False,residential,Spring Valley Road,31.894,,,,,,,,,,,12818218,
117259898,117314466,0,False,secondary,State Highway 28,248.209,,,,,,,,,,,12864313,NY 28
117259898,116644148,0,False,secondary,State Highway 28,42.733,,,,,,,,,,,12864313,NY 28
117263182,116841322,0,False,residential,Coe Hill Road,1973.644,,,,,,,,,,,12818610,
117263182,116510621,0,False,secondary,State Highway 28,866.511,,,,,,,,,,,12864126,NY 28
117263182,117877755,0,False,secondary,State Highway 28,940.666,,,,,,,,,,,12864126,NY 28
117265682,117259697,0,False,residential,Waterman Road,602.137,,,,,,,,,,,12818659,
117265682,116680668,0,False,residential,Waterman Road,449.887,,,,,,,,,,,12818659,
117265682,117546025,0,False,residential,Taylor Road,719.866,,,,,,,,,,,12843303,
117278047,117108427,0,False,residential,Muratore Road,264.822,,,,,,,,,,,12819892,
117278180,116957611,0,False,residential,McLean Road,446.965,,,,,,,,,,,12819953,
117299936,117300072,0,False,residential,Kiff Brook Road,1015.423,,,,,,,,,,,12822299,
117299936,116542767,0,False,residential,Kiff Brook Road,556.57,,,,,,,,,,,12822299,
117299936,117337887,0,False,residential,John Rice Road,909.813,,,,,,,,,,,12825626,
117300072,117300213,0,False,residential,Kiff Brook Road,529.191,,,,,,,,,,,12822299,
117300072,117299936,0,False,residential,Kiff Brook Road,1015.423,,,,,,,,,,,12822299,
117300072,117685879,0,False,residential,Orlowski Road,509.926,,,,,,,,,,,12853560,
117300213,117300072,0,False,residential,Kiff Brook Road,529.191,,,,,,,,,,,12822299,
117300213,117431334,0,False,residential,Mc Arthur Hill Road,2503.254,,,,,,,,,,,12835087,
117300213,117110759,0,False,residential,Mc Arthur Hill Road,1089.485,,,,,,,,,,,12835087,
117303565,116963732,0,False,residential,"['Oleout Creek Road', 'Ouleout Creek Road']",384.63,,,,,,,,,,,"[12822649, 12851943]",
117314096,117314384,0,False,residential,Hayes Road,1060.946,,,,,,,,,,,12823624,
117314096,117247005,0,False,tertiary,Delhi-Leonta Road,1924.161,,,,,,,,,,,12845092,CR 14
117314096,117080744,0,False,tertiary,Delhi-Leonta Road,103.831,,,,,,,,,,,12845092,CR 14
117314384,117314096,0,False,residential,Hayes Road,1060.946,,,,,,,,,,,12823624,
117314423,117314466,0,False,residential,Hayes Road,889.305,,,,,,,,,,,12823635,
117314466,117314423,0,False,residential,Hayes Road,889.305,,,,,,,,,,,12823635,
117314466,116933603,0,False,secondary,State Highway 28,591.215,,,,,,,,,,,12864313,NY 28
117314466,117259898,0,False,secondary,State Highway 28,248.209,,,,,,,,,,,12864313,NY 28
117317486,117317519,0,False,residential,Hobby Pr Road,172.711,,,,,,,,,,,12823839,
117317519,117317486,0,False,residential,Hobby Pr Road,172.711,,,,,,,,,,,12823839,
117317519,117656862,0,False,residential,Webster Brook Road,2011.474,,,,,,,,,,,12871140,
117332526,117332691,0,False,residential,Decard Road,514.908,,,,,,,,,,,12825161,
117332691,117332724,0,False,residential,Decard Road,181.658,,,,,,,,,,,12825161,
117332691,117332526,0,False,residential,Decard Road,514.908,,,,,,,,,,,12825161,
117332691,117958300,0,False,residential,De Caro Rd Spur 2,328.131,,,,,,,,,,,12870319,
117332724,117080526,0,False,residential,Decard Road,387.331,,,,,,,,,,,12825161,
117332724,117332691,0,False,residential,Decard Road,181.658,,,,,,,,,,,12825161,
117332724,117953651,0,False,residential,De Caro Rd Spur 1,250.057,,,,,,,,,,,12869920,
117337887,117299936,0,False,residential,John Rice Road,909.813,,,,,,,,,,,12825626,
117337916,117208681,0,False,residential,Grimm Road Spur,201.836,,,,,,,,,,,12825635,
117337916,117378596,0,False,residential,Grimm Road,354.135,,,,,,,,,,,12829963,
117337916,117208668,0,False,residential,Grimm Road,62.594,,,,,,,,,,,12829963,
117342436,116613255,0,False,residential,Lewis Road,1895.082,,,,,,,,,,,12826164,
117342436,117877083,0,False,secondary,State Highway 28,91.384,,,,,,,,,,,"[12864313, 12864126]",NY 28
117342436,116570912,0,False,secondary,State Highway 28,128.502,,,,,,,,,,,12864313,NY 28
117344167,117344337,0,False,residential,Meadow Lane,412.767,,,,,,,,,,,12826372,
117344167,116832779,0,False,secondary,State Highway 23,607.178,2,,,,,,,,,,405698844,NY 23
117344337,117344167,0,False,residential,Meadow Lane,412.767,,,,,,,,,,,12826372,
117345818,117345847,0,False,residential,Sanders Lane,21.505,,,,,,,,,,,12826517,
117345818,117345840,0,False,residential,Sanders Lane,11.918,,,,,,,,,,,12826517,
117345840,117345818,0,False,residential,Sanders Lane,11.918,,,,,,,,,,,12826517,
117345840,117346272,0,False,residential,Sanders Lane,52.941,,,,,,,,,,,12826517,
117345847,117345853,0,False,residential,Sanders Lane,52.717,,,,,,,,,,,12826517,
117345847,117345818,0,False,residential,Sanders Lane,21.505,,,,,,,,,,,12826517,
117345853,117345859,0,False,residential,Sanders Lane,76.248,,,,,,,,,,,12826517,
117345853,117345847,0,False,residential,Sanders Lane,52.717,,,,,,,,,,,12826517,
117345859,117345869,0,False,residential,Sanders Lane,28.356,,,,,,,,,,,12826517,
117345859,117345853,0,False,residential,Sanders Lane,76.248,,,,,,,,,,,12826517,
117345869,117345879,0,False,residential,Sanders Lane,5.822,,,,,,,,,,,12826517,
117345869,117345859,0,False,residential,Sanders Lane,28.356,,,,,,,,,,,12826517,
117345879,117345891,0,False,residential,Sanders Lane,5.569,,,,,,,,,,,12826517,
117345879,117345869,0,False,residential,Sanders Lane,5.822,,,,,,,,,,,12826517,
117345891,117345900,0,False,residential,Sanders Lane,5.552,,,,,,,,,,,12826517,
117345891,117345879,0,False,residential,Sanders Lane,5.569,,,,,,,,,,,12826517,
117345900,117345910,0,False,residential,Sanders Lane,10.88,,,,,,,,,,,12826517,
117345900,117345891,0,False,residential,Sanders Lane,5.552,,,,,,,,,,,12826517,
117345910,117345920,0,False,residential,Sanders Lane,5.651,,,,,,,,,,,12826517,
117345910,117345900,0,False,residential,Sanders Lane,10.88,,,,,,,,,,,12826517,
117345920,117345926,0,False,residential,Sanders Lane,13.349,,,,,,,,,,,12826517,
117345920,117345910,0,False,residential,Sanders Lane,5.651,,,,,,,,,,,12826517,
117345926,117345929,0,False,residential,Sanders Lane,8.087,,,,,,,,,,,12826517,
117345926,117345920,0,False,residential,Sanders Lane,13.349,,,,,,,,,,,12826517,
117345929,117345942,0,False,residential,Sanders Lane,8.479,,,,,,,,,,,12826517,
117345929,117345926,0,False,residential,Sanders Lane,8.087,,,,,,,,,,,12826517,
117345942,117345952,0,False,residential,Sanders Lane,8.982,,,,,,,,,,,12826517,
117345942,117345929,0,False,residential,Sanders Lane,8.479,,,,,,,,,,,12826517,
117345952,117345962,0,False,residential,Sanders Lane,8.891,,,,,,,,,,,12826517,
117345952,117345942,0,False,residential,Sanders Lane,8.982,,,,,,,,,,,12826517,
117345962,117345973,0,False,residential,Sanders Lane,17.502,,,,,,,,,,,12826517,
117345962,117345952,0,False,residential,Sanders Lane,8.891,,,,,,,,,,,12826517,
117345973,117345978,0,False,residential,Sanders Lane,8.043,,,,,,,,,,,12826517,
117345973,117345962,0,False,residential,Sanders Lane,17.502,,,,,,,,,,,12826517,
117345978,117345986,0,False,residential,Sanders Lane,8.599,,,,,,,,,,,12826517,
117345978,117345973,0,False,residential,Sanders Lane,8.043,,,,,,,,,,,12826517,
117345986,117345997,0,False,residential,Sanders Lane,8.73,,,,,,,,,,,12826517,
117345986,117345978,0,False,residential,Sanders Lane,8.599,,,,,,,,,,,12826517,
117345997,117346005,0,False,residential,Sanders Lane,9.647,,,,,,,,,,,12826517,
117345997,117345986,0,False,residential,Sanders Lane,8.73,,,,,,,,,,,12826517,
117346005,117346012,0,False,residential,Sanders Lane,20.864,,,,,,,,,,,12826517,
117346005,117345997,0,False,residential,Sanders Lane,9.647,,,,,,,,,,,12826517,
117346012,117346021,0,False,residential,Sanders Lane,21.442,,,,,,,,,,,12826517,
117346012,117346005,0,False,residential,Sanders Lane,20.864,,,,,,,,,,,12826517,
117346021,117346033,0,False,residential,Sanders Lane,10.138,,,,,,,,,,,12826517,
117346021,117346012,0,False,residential,Sanders Lane,21.442,,,,,,,,,,,12826517,
117346033,117346044,0,False,residential,Sanders Lane,10.061,,,,,,,,,,,12826517,
117346033,117346021,0,False,residential,Sanders Lane,10.138,,,,,,,,,,,12826517,
117346044,117346054,0,False,residential,Sanders Lane,9.89,,,,,,,,,,,12826517,
117346044,117346033,0,False,residential,Sanders Lane,10.061,,,,,,,,,,,12826517,
117346054,117346057,0,False,residential,Sanders Lane,19.375,,,,,,,,,,,12826517,
117346054,117346044,0,False,residential,Sanders Lane,9.89,,,,,,,,,,,12826517,
117346057,117346060,0,False,residential,Sanders Lane,6.53,,,,,,,,,,,12826517,
117346057,117346054,0,False,residential,Sanders Lane,19.375,,,,,,,,,,,12826517,
117346060,117346077,0,False,residential,Sanders Lane,2.391,,,,,,,,,,,12826517,
117346060,117346057,0,False,residential,Sanders Lane,6.53,,,,,,,,,,,12826517,
117346077,117346093,0,False,residential,Sanders Lane,8.253,,,,,,,,,,,12826517,
117346077,117346060,0,False,residential,Sanders Lane,2.391,,,,,,,,,,,12826517,
117346093,117346101,0,False,residential,Sanders Lane,13.729,,,,,,,,,,,12826517,
117346093,117346077,0,False,residential,Sanders Lane,8.253,,,,,,,,,,,12826517,
117346101,117346108,0,False,residential,Sanders Lane,6.628,,,,,,,,,,,12826517,
117346101,117346093,0,False,residential,Sanders Lane,13.729,,,,,,,,,,,12826517,
117346108,117346119,0,False,residential,Sanders Lane,6.481,,,,,,,,,,,12826517,
117346108,117346101,0,False,residential,Sanders Lane,6.628,,,,,,,,,,,12826517,
117346119,117346126,0,False,residential,Sanders Lane,5.698,,,,,,,,,,,12826517,
117346119,117346108,0,False,residential,Sanders Lane,6.481,,,,,,,,,,,12826517,
117346126,117346138,0,False,residential,Sanders Lane,5.636,,,,,,,,,,,12826517,
117346126,117346119,0,False,residential,Sanders Lane,5.698,,,,,,,,,,,12826517,
117346138,117346150,0,False,residential,Sanders Lane,5.919,,,,,,,,,,,12826517,
117346138,117346126,0,False,residential,Sanders Lane,5.636,,,,,,,,,,,12826517,
117346150,117346160,0,False,residential,Sanders Lane,6.697,,,,,,,,,,,12826517,
117346150,117346138,0,False,residential,Sanders Lane,5.919,,,,,,,,,,,12826517,
117346160,117346165,0,False,residential,Sanders Lane,25.806,,,,,,,,,,,12826517,
117346160,117346150,0,False,residential,Sanders Lane,6.697,,,,,,,,,,,12826517,
117346165,117346182,0,False,residential,Sanders Lane,9.203,,,,,,,,,,,12826517,
117346165,117346160,0,False,residential,Sanders Lane,25.806,,,,,,,,,,,12826517,
117346182,117346187,0,False,residential,Sanders Lane,10.281,,,,,,,,,,,12826517,
117346182,117346165,0,False,residential,Sanders Lane,9.203,,,,,,,,,,,12826517,
117346187,117346188,0,False,residential,Sanders Lane,10.728,,,,,,,,,,,12826517,
117346187,117346182,0,False,residential,Sanders Lane,10.281,,,,,,,,,,,12826517,
117346188,117346196,0,False,residential,Sanders Lane,43.887,,,,,,,,,,,12826517,
117346188,117346187,0,False,residential,Sanders Lane,10.728,,,,,,,,,,,12826517,
117346196,117346209,0,False,residential,Sanders Lane,8.466,,,,,,,,,,,12826517,
117346196,117346188,0,False,residential,Sanders Lane,43.887,,,,,,,,,,,12826517,
117346209,117346214,0,False,residential,Sanders Lane,7.384,,,,,,,,,,,12826517,
117346209,117346196,0,False,residential,Sanders Lane,8.466,,,,,,,,,,,12826517,
117346214,117346224,0,False,residential,Sanders Lane,8.017,,,,,,,,,,,12826517,
117346214,117346209,0,False,residential,Sanders Lane,7.384,,,,,,,,,,,12826517,
117346224,117346230,0,False,residential,Sanders Lane,8.39,,,,,,,,,,,12826517,
117346224,117346214,0,False,residential,Sanders Lane,8.017,,,,,,,,,,,12826517,
117346230,117346240,0,False,residential,Sanders Lane,10.4,,,,,,,,,,,12826517,
117346230,117346224,0,False,residential,Sanders Lane,8.39,,,,,,,,,,,12826517,
117346240,117346248,0,False,residential,Sanders Lane,81.593,,,,,,,,,,,12826517,
117346240,117346230,0,False,residential,Sanders Lane,10.4,,,,,,,,,,,12826517,
117346248,117346254,0,False,residential,Sanders Lane,41.201,,,,,,,,,,,12826517,
117346248,117346240,0,False,residential,Sanders Lane,81.593,,,,,,,,,,,12826517,
117346254,117346265,0,False,residential,Sanders Lane,13.474,,,,,,,,,,,12826517,
117346254,117346248,0,False,residential,Sanders Lane,41.201,,,,,,,,,,,12826517,
117346265,117346272,0,False,residential,Sanders Lane,12.669,,,,,,,,,,,12826517,
117346265,117346254,0,False,residential,Sanders Lane,13.474,,,,,,,,,,,12826517,
117346272,117345840,0,False,residential,Sanders Lane,52.941,,,,,,,,,,,12826517,
117346272,117346265,0,False,residential,Sanders Lane,12.669,,,,,,,,,,,12826517,
117348154,116939991,0,False,residential,Betty Brook Road,305.183,,,,,,,,,,,12826850,
117348154,116625987,0,False,residential,Betty Brook Road,435.134,,,,,,,,,,,12826850,
117348154,117468810,0,False,residential,Lopa Lane,613.561,,,,,,,,,,,12837296,
117348211,116829755,0,False,residential,Betty Brook Road,1339.631,,,,,,,,,,,12826850,
117348211,116939991,0,False,residential,Betty Brook Road,254.246,,,,,,,,,,,12826850,
117348211,116656681,0,False,residential,Scott Road,637.263,,,,,,,,,,,12836406,
117348590,116702296,0,False,residential,Betty Brook Road,1383.501,,,,,,,,,,,12826850,
117348590,116829755,0,False,residential,Betty Brook Road,1182.953,,,,,,,,,,,12826850,
117348590,116610889,0,False,residential,Hobart Hill Road,401.308,,,,,,,,,,,12854778,
117374087,117374312,0,False,residential,Zych Road,507.262,,,,,,,,,,,12829567,
117374312,117112507,0,False,residential,Zych Road,1175.352,,,,,,,,,,,12829567,
117374312,117374087,0,False,residential,Zych Road,507.262,,,,,,,,,,,12829567,
117374312,117936536,0,False,residential,Zych Spur Road,248.223,,,,,,,,,,,12868408,
117378596,116677963,0,False,residential,Grimm Road,698.266,,,,,,,,,,,12829963,
117378596,117337916,0,False,residential,Grimm Road,354.135,,,,,,,,,,,12829963,
117378596,117379115,0,False,residential,Grimm Road,204.469,,,,,,,,,,,12829991,
117378869,117379074,0,False,residential,Grimm Road,37.536,,,,,,,,,,,12829985,
117378869,117379056,0,False,residential,Grimm Road,650.508,,,,,,,,,,,12829982,
117378869,116677963,0,False,residential,"['Reichert Road', 'Grimm Road']",168.698,,,,,,,,,,,"[12829963, 12852782]",
117379056,117378869,0,False,residential,Grimm Road,650.508,,,,,,,,,,,12829982,
117379074,117378869,0,False,residential,Grimm Road,37.536,,,,,,,,,,,12829985,
117379115,117378596,0,False,residential,Grimm Road,204.469,,,,,,,,,,,12829991,
117401744,117401859,0,False,residential,Underpass Road,359.192,,,,,,,,,,,12832793,
117401744,117447102,0,False,secondary,State Highway 23,436.319,2,,,,,,,,,,12863537,NY 23
117401859,117401924,0,False,residential,Underpass Road,196.767,,,,,,,,,,,12832793,
117401859,117401744,0,False,residential,Underpass Road,359.192,,,,,,,,,,,12832793,
117401859,117447102,0,False,residential,North Kortright Church Road,265.642,,,,,,,,,,,12836000,
117401924,117401959,0,False,residential,Underpass Road,50.281,,,,,,,,,,,12832793,
117401924,117401859,0,False,residential,Underpass Road,196.767,,,,,,,,,,,12832793,
117401924,117153794,0,False,residential,Underpass Road,99.903,,,,,,,,,,,12832856,
117401959,117153794,0,False,residential,Underpass Road,57.2,,,,,,,,,,,12832793,
117401959,117401924,0,False,residential,Underpass Road,50.281,,,,,,,,,,,12832793,
117401959,117153861,0,False,residential,North Road,29.44,,,,,,,,,,,12861347,
117417066,117110399,0,False,residential,Crowe Road,4149.61,,,,,,,,,,,12834102,
117431334,117300213,0,False,residential,Mc Arthur Hill Road,2503.254,,,,,,,,,,,12835087,
117431334,116617592,0,False,residential,Scott Road,1788.105,,,,,,,,,,,12836406,
117431334,116656681,0,False,residential,Scott Road,2146.304,,,,,,,,,,,12836406,
117447102,117401859,0,False,residential,North Kortright Church Road,265.642,,,,,,,,,,,12836000,
117447102,117863989,0,False,secondary,State Highway 23,1532.036,2,,,,,,yes,,,,"[12863537, 405698860, 405698844]",NY 23
117447102,117401744,0,False,secondary,State Highway 23,436.319,2,,,,,,,,,,12863537,NY 23
117448001,116967595,0,False,residential,Hanford Road,2128.865,,,,,,,,,,,12836066,
117453798,116733514,0,False,residential,Babon Road,761.397,,,,,,,,,,,12836317,
117461556,116962943,0,False,residential,Meyerdierks Road,796.959,,,,,,,,,,,12836795,
117468810,117348154,0,False,residential,Lopa Lane,613.561,,,,,,,,,,,12837296,
117500072,117208620,0,False,residential,Shaver Hill Road,1775.756,,,,,,,,,,,12839826,
117501470,117208628,0,False,residential,Shaver Hill Road,150.06,,,,,,,,,,,12839903,
117514819,116987924,0,False,residential,Maison Road,729.205,,,,,,,,,,,12840838,
117526912,117108831,0,False,residential,Hobart Hill Road,1258.978,,,,,,,,,,,12854778,
117527202,117119334,0,False,residential,Reed Road,838.107,,,,,,,,,,,12841668,
117536373,117033213,0,False,residential,Cross Street,82.397,,,,,,,,,,,12842501,
117536373,116660847,0,False,residential,Scotch Hill Road,1179.644,,,,,,,,,,,12851492,
117536373,116731674,0,False,residential,Scotch Hill Road,146.407,,,,,,,,,,,12851492,
117537103,116933203,0,False,residential,Saw Mill Road,185.297,,,,,,,,,,,12842555,
117545058,117094904,0,False,residential,Roe Road,209.959,,,,,,,,,,,12843214,
117546025,117265682,0,False,residential,Taylor Road,719.866,,,,,,,,,,,12843303,
117567989,116664573,0,False,tertiary,Delhi-Leonta Road,377.15,,,,,,,,,,,12845092,CR 14
117567989,116935053,0,False,tertiary,Delhi-Leonta Road,1885.886,,,,,,,,,,,12845092,CR 14
117567989,117800861,0,False,residential,Kemp Road,918.53,,,,,,,,,,,12858613,
117580922,117580984,0,False,residential,Old Rte 28,618.551,,,,,,,,,,,12845825,
117580922,116644148,0,False,secondary,State Highway 28,644.361,,,,,,,,,,,12864313,NY 28
117580922,117083628,0,False,secondary,State Highway 28,401.17,,,,,,,,,,,12864313,NY 28
117580984,117580922,0,False,residential,Old Rte 28,618.551,,,,,,,,,,,12845825,
117580984,117083628,0,False,secondary,State Highway 28,215.625,,,,,,,,,,,12864313,NY 28
117649847,116540864,0,False,residential,Dickmann Road,75.053,,,,,,,,,,,12850908,
117656862,117657356,0,False,residential,Scotch Hill Road,2702.368,,,,,,,,,,,12851492,
117656862,116660847,0,False,residential,Scotch Hill Road,1131.989,,,,,,,,,,,12851492,
117656862,117317519,0,False,residential,Webster Brook Road,2011.474,,,,,,,,,,,12871140,
117657356,117656862,0,False,residential,Scotch Hill Road,2702.368,,,,,,,,,,,12851492,
117678830,116688668,0,False,residential,Honest Brook Road,2589.894,,,,,,,,,,,12853170,
117678830,116529507,0,False,residential,Dunam Road,833.255,,,,,,,,,,,12874563,
117685879,117300072,0,False,residential,Orlowski Road,509.926,,,,,,,,,,,12853560,
117685879,117685879,0,False,residential,Orlowski Road,293.566,,,,,,,,,,,12853579,
117685879,117685879,1,False,residential,Orlowski Road,293.566,,,,,,,,,,,12853579,
117724086,116962608,0,False,residential,East Jackson Hill Road,2693.177,,,,,,,,,,,12855367,
117737792,116897448,0,False,residential,Pine Road,480.318,,,,,,,,,,,12855937,
117800861,117567989,0,False,residential,Kemp Road,918.53,,,,,,,,,,,12858613,
117863989,117986882,0,False,residential,Stone Lane,130.271,,,,,,,,,,,12873230,
117863989,116889983,0,False,secondary,State Highway 23,399.401,2,,,,,,,,,,405698844,NY 23
117863989,117447102,0,False,secondary,State Highway 23,1532.036,2,,,,,,yes,,,,"[12863537, 405698844, 405698860]",NY 23
117870596,116967432,0,False,residential,Kytan Road,597.814,,,,,,,,,,,12863594,
117877083,117208620,0,False,tertiary,Meridale-Davenport Center Road,1004.598,,,,,,,,,,,12813956,CR 10
117877083,117183762,0,False,secondary,State Highway 28,1136.713,,,,,,,,,,,12864126,NY 28
117877083,117342436,0,False,secondary,State Highway 28,91.384,,,,,,,,,,,"[12864313, 12864126]",NY 28
117877755,117263182,0,False,secondary,State Highway 28,940.666,,,,,,,,,,,12864126,NY 28
117877755,116963813,0,False,secondary,State Highway 28,314.071,,,,,,,,,,,12864126,NY 28
117877755,116994219,0,False,residential,Houghtaling Hollow Road,2398.104,,,,,,,,,,,12872183,
117902652,116967324,0,False,residential,"['Sal Bren Road', 'Pine Hollow Road']",894.273,,,,,,,,,,,"[12865877, 12797103]",
117936536,117374312,0,False,residential,Zych Spur Road,248.223,,,,,,,,,,,12868408,
117953651,117332724,0,False,residential,De Caro Rd Spur 1,250.057,,,,,,,,,,,12869920,
117958300,117332691,0,False,residential,De Caro Rd Spur 2,328.131,,,,,,,,,,,12870319,
117986882,117863989,0,False,residential,Stone Lane,130.271,,,,,,,,,,,12873230,
118011993,116529507,0,False,residential,Dunam Road,401.534,,,,,,,,,,,12874563,
1641345830,116734458,0,False,residential,Old SH10,235.606,,,,,,,,,,,151309182,
1641345830,116734458,1,False,secondary,State Highway 10,193.637,,,,,,,,,,,571680139,NY 10
3346126845,3346126852,0,False,residential,Pr Drive,620.137,,,,,,,,,,,327802664,
3346126852,116643958,0,False,unclassified,Turnpike Road,1341.178,,,,,,,,,,,12783323,
3346126852,116931934,0,False,unclassified,Turnpike Road,1252.962,,,,,,,,,,,12783323,
3346126852,3346126845,0,False,residential,Pr Drive,620.137,,,,,,,,,,,327802664,
4078744477,117121996,0,False,residential,,263.441,,,,,,,,,,,405722192,
4078746411,4078746411,0,False,residential,Lake Shore Drive,107.471,,,,,,,,,,,12775707,
4078746411,4078746411,1,False,residential,Lake Shore Drive,107.471,,,,,,,,,,,12775707,
4078746411,116857760,0,False,residential,Lake Shore Drive,762.565,,,,,,,,,,,12775707,
4219997358,117108561,0,False,residential,,996.452,,,,,,,,,,,422261687,
